1.00 0.67 1.00 2.67 2.33 3.00 0.33 1.00 2.00 2.33 2.33 2.67 1.00 1.00 1.33 1.33 2.33 3.00 1.33 1.67 1.67 3.00 0.33 1.33 2.33 2.33 1.67 2.33 1.00 2.67 0.33 0.33 1.00 2.00 2.67 1.67 0.67 2.67 0.33 0.33 2.33 1.67 0.33 2.33 1.67 2.67 2.00 2.67 2.00 3.00 0.33 2.33 1.33 2.33 2.00 2.67 1.00 0.67 1.67 3.00 3.00 1.00 3.00 0.33 1.00 2.33 0.67 1.33 1.00 0.67 1.33 2.67 0.67 1.33 1.00 1.00 0.67 1.33 0.67 2.00 1.67 2.67 0.33 2.33 3.00 2.67 2.00 2.33 3.00 1.00 1.67 1.33 3.00 2.00 1.67 1.67 0.33 1.33 3.00 0.67 0.67
-0.00 1.00 1.60 1.00 1.80 1.00 0.20 0.20 1.40 1.20 1.00 1.60 1.80 1.00 0.80 1.00 1.20 0.60 0.20 1.00 0.40 0.40 0.80 0.20 1.20 0.80 0.80 0.60 0.20 1.20 1.00 0.40 1.60 0.40 1.20 0.40 1.80 0.20 1.80 1.80 1.80 0.40 0.80 1.20 0.40 1.00 1.40 1.20 0.60 1.40 1.00 0.60 1.80 0.60 1.60 1.80 0.40 0.80 0.40 0.80 1.80 1.00 0.40 1.60 1.20 1.00 1.80 0.40 0.60 0.60 0.80 0.40 0.40 0.60 1.80 1.80 1.40 1.00 0.20 1.00 0.80 0.40 1.20 1.60 0.40 1.00 0.40 1.00 0.60 0.40 0.80 0.20 0.40 0.80 1.80 0.40 1.00 1.40 1.20 0.60 1.20
0.00 0.00 1.00 3.00 3.50 4.50 0.50 0.50 1.00 3.00 4.00 2.50 4.50 1.50 4.00 2.50 4.00 2.00 2.50 1.50 3.50 0.50 4.50 2.00 1.00 1.00 1.00 4.00 0.50 2.50 0.50 3.00 3.00 1.00 0.50 3.50 2.00 3.50 4.50 3.00 4.00 0.50 1.50 0.50 0.50 4.50 4.50 4.50 2.00 4.00 3.50 3.00 2.00 3.00 4.50 3.00 2.00 0.50 0.50 4.50 2.00 4.50 1.00 2.50 3.00 2.00 1.50 0.50 2.00 1.50 2.00 1.00 3.00 2.00 4.00 2.50 3.50 4.00 2.50 3.00 2.00 3.00 4.00 1.00 0.50 3.00 0.50 0.50 4.50 3.00 3.50 0.50 2.50 1.50 4.00 3.00 2.50 1.00 1.00 4.50 4.00
-0.00 -0.00 -0.00 1.00 0.50 3.00 4.50 2.50 2.50 3.00 4.50 1.00 0.50 3.50 2.50 4.00 3.50 2.50 4.00 3.00 3.50 3.00 1.50 1.50 1.00 4.50 3.00 4.50 3.00 4.50 0.50 4.00 2.00 4.00 3.50 4.50 2.00 1.50 3.00 4.50 3.00 4.50 1.50 2.00 4.00 2.00 2.00 3.50 0.50 0.50 0.50 3.50 2.00 1.00 0.50 1.00 3.50 2.00 3.50 4.00 3.50 4.50 3.50 1.50 0.50 0.50 2.50 0.50 4.00 2.00 1.50 1.00 4.00 0.50 2.50 4.00 0.50 0.50 2.00 3.50 4.50 1.50 2.00 2.00 4.50 4.00 0.50 4.00 4.00 3.50 1.50 0.50 4.50 3.50 2.00 4.00 2.50 4.00 4.00 2.50 1.50
0.00 0.00 0.00 0.00 1.00 0.33 2.67 0.33 1.33 2.33 1.00 1.67 1.00 1.33 1.33 2.67 1.33 1.67 0.67 2.33 3.00 1.67 1.00 0.67 0.33 0.33 1.00 2.00 3.00 1.33 1.00 3.00 1.00 1.67 1.00 0.33 0.33 1.00 1.00 2.67 3.00 1.00 2.00 1.00 1.00 0.67 0.67 1.67 2.00 0.33 1.67 2.00 0.67 0.33 1.33 2.00 2.67 2.00 1.67 1.33 0.33 2.00 2.33 1.00 2.67 2.67 2.33 1.33 1.00 1.33 2.00 1.33 2.00 1.00 0.67 0.33 3.00 0.33 0.33 2.33 0.67 2.67 1.33 1.33 0.67 1.00 1.00 2.67 2.33 0.33 2.00 1.67 2.00 2.00 0.67 3.00 3.00 1.67 1.33 1.67 2.00
-0.00 -0.00 -0.00 -0.00 -0.00 1.00 0.33 0.67 0.78 0.22 0.33 0.67 1.00 0.44 0.11 0.78 0.89 0.67 0.78 0.89 0.22 0.89 0.78 0.44 0.22 0.89 0.44 0.33 0.33 0.89 0.67 0.33 0.67 0.22 0.33 0.22 0.11 0.67 0.44 0.89 0.11 0.22 0.56 0.89 0.56 0.67 0.33 0.33 0.44 0.44 1.00 0.78 0.89 1.00 0.78 0.11 0.11 1.00 0.11 0.78 0.11 0.56 1.00 1.00 1.00 0.11 1.00 0.44 0.56 0.78 0.89 0.89 0.11 0.78 0.22 0.78 1.00 0.78 0.89 0.78 0.89 0.44 0.11 1.00 0.11 0.11 0.22 0.11 0.78 0.89 0.44 0.78 0.78 0.11 0.11 0.11 0.78 0.11 0.44 0.67 0.78
0.00 0.00 0.00 0.00 0.00 0.00 1.00 1.12 1.12 0.50 1.12 0.75 0.12 1.12 0.50 0.88 0.50 0.38 0.88 0.50 0.62 0.75 0.38 0.88 1.00 0.75 0.62 0.75 0.50 0.12 1.12 1.00 0.50 0.50 0.62 0.75 0.75 0.88 0.88 0.12 1.12 0.50 0.25 0.12 0.88 0.62 0.12 0.75 0.88 0.88 0.88 0.75 1.12 1.00 0.75 0.12 1.12 0.12 1.12 1.00 0.75 0.62 1.00 1.00 0.75 0.62 0.62 0.12 1.00 1.12 0.25 0.25 0.25 0.50 0.25 0.62 0.62 0.62 0.50 1.00 0.62 0.12 1.00 0.62 0.50 1.12 0.75 0.50 0.75 1.12 1.00 0.88 1.00 0.88 0.12 0.62 1.00 0.12 0.75 0.62 0.12
-0.00 -0.00 -0.00 -0.00 -0.00 -0.00 -0.00 1.00 1.00 0.67 2.67 2.33 1.67 0.33 2.67 0.33 2.00 2.00 2.33 0.67 2.33 0.33 3.00 1.67 0.33 1.00 2.33 0.67 3.00 2.33 1.67 3.00 1.00 0.67 0.33 2.67 2.67 1.00 2.67 2.67 0.67 0.67 2.00 1.33 1.67 1.67 1.67 1.67 2.00 2.33 1.33 1.00 0.67 2.00 3.00 1.33 2.00 1.33 0.67 1.33 2.33 1.33 0.33 0.33 2.33 1.33 3.00 0.67 2.33 1.33 1.00 1.67 2.00 3.00 1.00 3.00 3.00 2.00 1.67 2.33 1.00 2.00 2.00 3.00 1.67 0.67 0.33 1.67 2.67 0.33 2.33 1.33 1.33 2.67 0.33 0.67 1.00 2.67 1.33 0.67 2.67
0.00 0.00 0.00 0.00 0.00 0.00 0.00 0.00 1.00 1.33 0.67 1.67 0.33 1.00 0.33 2.33 2.33 0.67 1.33 2.00 2.67 0.33 3.00 1.00 1.33 3.00 1.33 1.67 2.33 2.67 1.67 1.67 2.67 1.33 3.00 3.00 2.00 1.33 2.00 1.00 0.33 2.00 0.33 0.67 2.67 0.67 2.67 2.33 2.67 2.00 1.33 1.00 2.67 1.00 3.00 1.33 2.67 1.33 1.67 3.00 0.67 1.00 2.00 1.67 2.00 1.33 3.00 0.33 2.00 1.33 1.67 1.00 1.33 2.33 2.33 1.67 2.00 1.00 2.00 2.67 3.00 0.67 2.33 1.00 3.00 2.33 2.67 0.67 1.00 1.33 1.00 2.00 0.67 3.00 2.67 2.00 1.33 2.00 3.00 1.00 0.67
-0.00 -0.00 -0.00 -0.00 -0.00 -0.00 -0.00 -0.00 -0.00 1.00 0.75 0.62 0.50 0.62 0.50 0.88 0.62 1.00 0.88 0.38 0.25 0.38 0.50 1.12 0.12 0.75 0.25 0.62 1.12 0.50 1.00 0.12 0.38 1.12 1.12 0.88 0.62 0.75 0.75 0.12 1.12 0.12 1.00 0.25 0.38 0.38 0.88 0.12 0.38 0.75 0.88 0.62 0.12 0.62 1.00 0.50 0.25 0.38 0.25 0.75 0.62 0.88 0.12 0.25 0.75 0.38 0.38 0.62 0.12 0.62 0.88 0.38 0.88 0.62 1.00 0.12 0.25 0.12 1.12 0.75 1.00 1.00 0.50 0.25 1.00 0.50 1.12 0.62 0.12 0.12 0.88 0.75 0.38 1.12 0.25 0.75 0.62 0.12 0.50 0.25 0.62
0.00 0.00 0.00 0.00 0.00 0.00 0.00 0.00 0.00 0.00 1.00 1.00 8.00 3.00 2.00 2.00 5.00 7.00 8.00 8.00 6.00 1.00 3.00 4.00 8.00 5.00 7.00 4.00 7.00 2.00 5.00 1.00 6.00 3.00 1.00 8.00 6.00 8.00 5.00 7.00 2.00 7.00 3.00 2.00 1.00 6.00 9.00 9.00 6.00 6.00 1.00 9.00 9.00 8.00 5.00 7.00 7.00 4.00 4.00 8.00 5.00 2.00 2.00 7.00 6.00 3.00 8.00 1.00 1.00 2.00 9.00 6.00 1.00 1.00 3.00 4.00 7.00 7.00 4.00 2.00 8.00 8.00 3.00 7.00 3.00 3.00 1.00 7.00 3.00 5.00 5.00 3.00 9.00 6.00 7.00 8.00 2.00 7.00 5.00 5.00 1.00
-0.00 -0.00 -0.00 -0.00 -0.00 -0.00 -0.00 -0.00 -0.00 -0.00 -0.00 1.00 2.50 3.00 2.50 2.00 3.50 4.00 4.50 2.00 3.50 0.50 4.50 2.50 4.00 3.00 1.00 2.50 2.00 2.00 1.00 1.50 2.50 2.50 4.00 3.50 2.00 1.50 3.50 3.50 0.50 3.00 2.50 1.50 2.50 2.50 4.00 1.50 1.50 1.00 1.00 3.00 1.50 3.50 2.50 4.50 3.00 1.00 4.00 0.50 0.50 2.00 3.50 1.50 4.00 3.00 1.00 4.50 3.00 0.50 2.00 3.50 1.00 1.50 4.50 4.00 4.00 2.50 0.50 4.00 3.50 0.50 4.50 0.50 2.00 3.00 1.00 3.00 1.50 2.50 2.00 4.00 3.00 1.00 1.00 1.00 1.50 2.50 2.50 3.00 1.00
0.00 0.00 0.00 0.00 0.00 0.00 0.00 0.00 0.00 0.00 0.00 0.00 1.00 0.75 0.12 1.00 0.88 0.25 0.62 0.38 0.88 1.00 0.62 1.00 1.12 0.12 0.25 1.12 0.50 0.50 1.12 0.88 0.62 1.00 0.25 0.25 0.12 0.75 0.12 0.88 0.50 1.12 0.38 0.75 0.12 1.12 0.50 0.75 0.25 0.12 1.12 1.12 1.12 0.50 0.25 0.12 0.75 0.25 0.38 0.88 0.75 0.88 0.88 1.12 0.12 0.25 0.38 0.75 0.62 1.00 0.75 0.25 0.62 0.62 0.25 0.38 0.12 0.62 0.38 1.12 0.75 0.88 0.88 1.12 0.88 0.88 0.75 0.62 0.88 0.38 0.50 0.88 0.62 1.12 0.75 0.88 0.38 0.38 0.75 0.75 0.62
-0.00 -0.00 -0.00 -0.00 -0.00 -0.00 -0.00 -0.00 -0.00 -0.00 -0.00 -0.00 -0.00 1.00 0.33 2.00 2.67 0.67 0.67 2.33 2.33 1.00 1.67 2.00 3.00 3.00 1.67 1.67 1.00 1.00 1.67 0.33 1.67 1.67 1.67 0.67 0.33 2.33 2.33 0.67 0.67 2.67 2.00 1.00 0.67 1.33 0.67 1.33 1.33 3.00 2.67 0.33 1.00 2.00 3.00 3.00 2.00 2.67 1.67 2.67 2.33 3.00 2.33 2.67 0.33 2.00 0.33 1.00 2.67 2.00 2.67 3.00 2.00 3.00 1.33 1.00 0.33 0.33 0.67 2.00 1.33 2.33 0.67 3.00 2.67 1.00 1.33 1.33 1.33 0.33 2.33 2.67 2.67 0.33 1.00 2.33 2.67 1.00 1.67 3.00 2.00
0.00 0.00 0.00 0.00 0.00 0.00 0.00 0.00 0.00 0.00 0.00 0.00 0.00 0.00 1.00 5.00 7.00 1.00 1.00 2.00 9.00 6.00 3.00 8.00 8.00 8.00 8.00 2.00 8.00 1.00 7.00 8.00 6.00 4.00 3.00 7.00 5.00 9.00 3.00 7.00 4.00 3.00 1.00 5.00 1.00 2.00 2.00 3.00 6.00 7.00 6.00 1.00 5.00 9.00 1.00 8.00 3.00 5.00 8.00 4.00 7.00 4.00 4.00 5.00 4.00 6.00 6.00 6.00 1.00 4.00 3.00 6.00 5.00 4.00 5.00 5.00 2.00 6.00 5.00 5.00 6.00 1.00 6.00 5.00 9.00 2.00 5.00 4.00 4.00 4.00 7.00 5.00 6.00 8.00 7.00 9.00 7.00 3.00 6.00 8.00 9.00
-0.00 -0.00 -0.00 -0.00 -0.00 -0.00 -0.00 -0.00 -0.00 -0.00 -0.00 -0.00 -0.00 -0.00 -0.00 1.00 6.00 2.00 1.00 5.00 3.00 7.00 1.00 1.00 5.00 1.00 3.00 8.00 6.00 9.00 8.00 3.00 5.00 5.00 6.00 1.00 8.00 3.00 5.00 1.00 5.00 2.00 6.00 8.00 6.00 6.00 3.00 4.00 1.00 8.00 1.00 9.00 1.00 7.00 6.00 7.00 2.00 6.00 8.00 7.00 8.00 6.00 5.00 5.00 9.00 1.00 4.00 3.00 5.00 7.00 9.00 3.00 9.00 2.00 1.00 4.00 3.00 9.00 3.00 9.00 7.00 9.00 9.00 9.00 1.00 6.00 2.00 7.00 8.00 5.00 5.00 9.00 8.00 9.00 9.00 8.00 7.00 5.00 1.00 6.00 7.00
0.00 0.00 0.00 0.00 0.00 0.00 0.00 0.00 0.00 0.00 0.00 0.00 0.00 0.00 0.00 0.00 1.00 1.33 0.33 1.50 0.17 0.67 1.17 1.00 0.67 1.00 0.50 1.00 0.33 0.83 0.83 0.50 1.50 1.50 0.50 0.83 1.50 0.17 0.17 1.50 1.33 1.33 1.17 1.50 0.67 1.50 1.17 0.17 0.67 0.67 0.83 1.17 1.33 1.33 0.33 1.50 0.50 0.17 0.83 0.67 1.33 0.83 1.00 0.67 1.33 0.50 0.17 0.50 1.17 0.67 0.33 1.50 1.00 1.50 0.50 1.17 1.50 0.17 0.67 1.00 0.17 1.50 0.17 0.33 0.83 1.00 1.50 0.17 1.33 1.17 0.33 1.50 1.50 0.67 0.50 1.50 0.17 1.50 0.17 0.50 1.33
-0.00 -0.00 -0.00 -0.00 -0.00 -0.00 -0.00 -0.00 -0.00 -0.00 -0.00 -0.00 -0.00 -0.00 -0.00 -0.00 -0.00 1.00 0.43 1.29 1.00 1.00 0.14 1.14 0.71 0.43 1.29 1.29 1.00 1.14 0.71 0.29 1.29 0.43 1.29 1.14 1.29 1.14 1.14 0.29 0.86 0.14 0.57 0.57 1.29 0.86 0.86 0.14 1.14 0.43 0.29 0.57 0.71 1.00 0.14 0.14 1.00 0.86 0.57 0.86 1.14 0.71 1.14 1.14 0.71 1.29 0.57 1.29 1.29 1.14 0.86 1.14 0.86 1.14 0.57 0.57 1.14 0.43 0.71 1.14 1.29 0.43 0.57 0.29 0.57 0.71 0.29 0.71 1.00 0.57 0.29 1.14 1.29 0.71 1.00 1.14 0.57 0.14 0.43 1.29 1.14
0.00 0.00 0.00 0.00 0.00 0.00 0.00 0.00 0.00 0.00 0.00 0.00 0.00 0.00 0.00 0.00 0.00 0.00 1.00 0.67 1.33 0.67 0.17 1.50 1.00 0.83 0.33 0.50 0.17 0.83 0.67 0.17 1.33 1.33 1.00 0.33 0.33 1.00 1.33 1.33 1.50 0.83 1.33 0.50 0.17 1.17 0.17 1.17 1.50 1.17 0.67 0.83 1.50 1.17 0.50 0.17 0.17 0.83 1.00 0.83 0.67 0.50 1.50 1.17 0.50 1.50 1.17 1.17 1.00 1.00 1.33 0.17 1.33 1.00 0.83 1.33 0.17 0.50 1.33 1.50 1.33 1.33 0.17 0.67 0.83 1.33 1.00 1.00 0.33 0.83 0.83 0.67 1.00 1.00 0.50 0.67 0.67 1.33 0.67 0.83 0.67
-0.00 -0.00 -0.00 -0.00 -0.00 -0.00 -0.00 -0.00 -0.00 -0.00 -0.00 -0.00 -0.00 -0.00 -0.00 -0.00 -0.00 -0.00 -0.00 1.00 0.67 0.78 0.89 1.00 0.33 0.78 0.78 0.56 0.33 0.22 0.67 0.11 0.89 0.78 0.56 0.78 0.22 0.11 1.00 0.89 1.00 0.78 0.89 0.78 0.56 1.00 0.89 1.00 0.11 0.11 0.44 0.11 0.78 0.78 0.33 1.00 0.11 0.67 0.56 1.00 0.67 0.11 0.44 0.89 0.11 0.78 0.44 0.33 0.56 0.44 0.89 0.78 0.33 0.44 0.56 0.78 0.33 0.56 0.11 0.44 1.00 0.11 0.56 0.22 0.78 1.00 0.56 0.67 0.22 0.78 0.89 0.78 0.44 0.89 0.11 0.11 0.11 0.89 0.33 0.67 0.22
0.00 0.00 0.00 0.00 0.00 0.00 0.00 0.00 0.00 0.00 0.00 0.00 0.00 0.00 0.00 0.00 0.00 0.00 0.00 0.00 1.00 2.00 1.00 2.00 7.00 5.00 1.00 2.00 3.00 8.00 7.00 5.00 9.00 8.00 4.00 7.00 7.00 8.00 4.00 8.00 7.00 8.00 9.00 3.00 7.00 7.00 8.00 3.00 1.00 2.00 1.00 3.00 5.00 5.00 2.00 3.00 7.00 2.00 9.00 6.00 8.00 1.00 2.00 8.00 9.00 8.00 8.00 6.00 3.00 9.00 5.00 7.00 3.00 7.00 9.00 9.00 1.00 3.00 4.00 7.00 1.00 4.00 7.00 9.00 1.00 3.00 4.00 8.00 3.00 6.00 1.00 1.00 2.00 3.00 6.00 3.00 6.00 2.00 3.00 2.00 5.00
-0.00 -0.00 -0.00 -0.00 -0.00 -0.00 -0.00 -0.00 -0.00 -0.00 -0.00 -0.00 -0.00 -0.00 -0.00 -0.00 -0.00 -0.00 -0.00 -0.00 -0.00 1.00 7.00 9.00 7.00 5.00 7.00 6.00 4.00 6.00 2.00 4.00 7.00 1.00 4.00 3.00 2.00 6.00 5.00 1.00 6.00 1.00 5.00 5.00 4.00 2.00 1.00 8.00 3.00 8.00 1.00 2.00 4.00 6.00 4.00 1.00 8.00 4.00 1.00 6.00 1.00 6.00 1.00 6.00 7.00 9.00 9.00 1.00 2.00 6.00 8.00 2.00 1.00 5.00 6.00 1.00 8.00 6.00 4.00 6.00 2.00 2.00 6.00 6.00 3.00 7.00 7.00 6.00 1.00 3.00 3.00 2.00 1.00 9.00 1.00 5.00 7.00 7.00 1.00 7.00 8.00
0.00 0.00 0.00 0.00 0.00 0.00 0.00 0.00 0.00 0.00 0.00 0.00 0.00 0.00 0.00 0.00 0.00 0.00 0.00 0.00 0.00 0.00 1.00 0.75 2.25 0.50 1.75 2.25 1.75 0.50 1.25 1.00 0.25 2.00 0.25 1.00 2.25 1.50 1.00 2.00 2.25 1.00 2.25 2.25 0.50 2.00 1.00 0.50 2.25 2.00 2.00 1.00 1.00 0.25 2.25 0.25 2.25 1.25 1.50 1.25 2.00 0.25 2.25 1.75 0.50 0.75 0.25 0.50 1.50 0.25 1.75 1.75 1.25 1.25 0.75 1.00 1.25 1.75 1.25 0.75 2.00 0.75 2.25 0.75 1.50 1.00 0.50 1.50 1.00 2.25 2.00 2.00 2.25 1.75 1.25 0.50 0.50 0.50 0.50 0.50 1.75
-0.00 -0.00 -0.00 -0.00 -0.00 -0.00 -0.00 -0.00 -0.00 -0.00 -0.00 -0.00 -0.00 -0.00 -0.00 -0.00 -0.00 -0.00 -0.00 -0.00 -0.00 -0.00 -0.00 1.00 8.00 4.00 8.00 4.00 6.00 2.00 3.00 6.00 1.00 4.00 8.00 5.00 2.00 4.00 5.00 3.00 7.00 6.00 6.00 2.00 3.00 5.00 3.00 8.00 9.00 4.00 6.00 3.00 6.00 1.00 1.00 5.00 5.00 1.00 8.00 7.00 7.00 7.00 6.00 2.00 2.00 4.00 2.00 2.00 2.00 1.00 3.00 7.00 9.00 6.00 4.00 9.00 4.00 2.00 7.00 4.00 6.00 1.00 1.00 1.00 3.00 8.00 4.00 4.00 8.00 9.00 8.00 4.00 7.00 2.00 3.00 2.00 7.00 9.00 9.00 1.00 7.00
0.00 0.00 0.00 0.00 0.00 0.00 0.00 0.00 0.00 0.00 0.00 0.00 0.00 0.00 0.00 0.00 0.00 0.00 0.00 0.00 0.00 0.00 0.00 0.00 1.00 2.00 0.75 2.00 2.00 0.50 0.75 0.25 1.75 1.25 1.75 2.25 1.25 0.75 0.50 2.25 0.50 2.25 1.75 1.25 1.75 0.25 0.50 2.25 2.00 1.75 1.00 2.00 1.00 1.25 2.00 1.25 1.00 0.25 1.50 1.50 1.25 0.25 1.00 1.75 1.75 2.25 0.50 2.00 1.25 0.25 2.00 1.00 1.00 1.00 1.00 1.75 0.25 1.25 1.25 1.75 2.25 0.25 0.75 0.25 1.25 1.25 1.50 0.75 0.25 1.50 0.50 0.75 0.25 0.25 1.00 0.50 0.25 0.50 1.75 2.00 0.25
-0.00 -0.00 -0.00 -0.00 -0.00 -0.00 -0.00 -0.00 -0.00 -0.00 -0.00 -0.00 -0.00 -0.00 -0.00 -0.00 -0.00 -0.00 -0.00 -0.00 -0.00 -0.00 -0.00 -0.00 -0.00 1.00 2.50 4.50 0.50 2.50 0.50 1.00 2.00 2.00 4.00 1.50 0.50 1.50 3.50 1.50 4.00 3.50 1.50 1.50 4.00 1.50 4.00 3.00 3.50 1.00 3.50 4.50 3.50 4.00 3.50 2.00 1.00 4.00 2.00 1.50 1.50 2.00 3.00 4.00 1.00 3.50 1.50 4.00 3.50 2.50 1.00 2.00 3.50 4.50 3.00 0.50 1.50 0.50 2.00 4.00 3.00 2.00 1.00 0.50 4.50 1.50 1.50 3.00 4.50 4.00 2.00 0.50 2.00 3.00 2.00 0.50 3.50 1.00 0.50 2.00 3.50
0.00 0.00 0.00 0.00 0.00 0.00 0.00 0.00 0.00 0.00 0.00 0.00 0.00 0.00 0.00 0.00 0.00 0.00 0.00 0.00 0.00 0.00 0.00 0.00 0.00 0.00 1.00 3.50 3.50 2.00 2.00 2.50 3.50 3.00 3.50 4.00 4.00 2.50 3.00 0.50 2.50 4.00 0.50 0.50 2.50 3.00 3.00 4.00 1.00 3.00 4.00 2.00 3.00 1.50 2.00 3.00 1.00 4.00 4.00 1.50 1.00 4.00 4.50 1.00 1.50 3.00 4.00 2.50 0.50 1.50 2.50 2.00 0.50 4.00 0.50 4.00 3.00 0.50 3.50 4.50 0.50 1.00 4.50 4.50 4.00 1.00 2.50 1.50 4.50 3.00 0.50 2.50 0.50 2.00 2.00 4.50 1.50 4.50 3.50 4.50 2.50
-0.00 -0.00 -0.00 -0.00 -0.00 -0.00 -0.00 -0.00 -0.00 -0.00 -0.00 -0.00 -0.00 -0.00 -0.00 -0.00 -0.00 -0.00 -0.00 -0.00 -0.00 -0.00 -0.00 -0.00 -0.00 -0.00 -0.00 1.00 0.50 3.50 3.50 3.50 0.50 2.50 4.00 1.00 4.50 4.00 4.00 1.00 4.00 2.00 4.00 4.00 0.50 2.00 1.00 3.50 2.00 4.50 4.00 3.50 1.00 0.50 3.00 0.50 4.00 4.00 4.00 4.50 4.00 3.50 0.50 3.50 2.50 2.50 1.50 3.00 2.50 1.50 2.50 0.50 4.50 2.00 4.50 3.50 1.50 3.50 1.50 0.50 1.00 2.00 2.00 3.50 2.50 1.00 1.00 1.00 1.00 2.00 3.50 1.50 4.00 2.50 4.00 3.50 3.50 0.50 4.00 4.00 3.00
0.00 0.00 0.00 0.00 0.00 0.00 0.00 0.00 0.00 0.00 0.00 0.00 0.00 0.00 0.00 0.00 0.00 0.00 0.00 0.00 0.00 0.00 0.00 0.00 0.00 0.00 0.00 0.00 1.00 0.38 0.38 0.38 0.62 0.38 0.50 0.12 0.75 0.88 0.75 1.00 0.25 0.62 0.38 0.62 1.00 0.25 0.38 0.12 0.75 1.12 0.50 1.12 0.75 0.88 0.38 0.62 0.50 0.38 1.12 0.38 0.25 0.75 0.12 0.75 0.25 0.25 0.62 0.38 0.62 0.88 0.75 1.12 1.00 0.75 0.75 1.00 1.12 1.12 0.62 1.12 1.12 0.38 0.25 0.25 0.25 0.62 0.38 1.12 1.00 0.38 1.00 0.12 0.62 0.12 0.88 1.12 1.00 0.25 1.12 0.12 0.62
-0.00 -0.00 -0.00 -0.00 -0.00 -0.00 -0.00 -0.00 -0.00 -0.00 -0.00 -0.00 -0.00 -0.00 -0.00 -0.00 -0.00 -0.00 -0.00 -0.00 -0.00 -0.00 -0.00 -0.00 -0.00 -0.00 -0.00 -0.00 -0.00 1.00 0.33 0.44 0.22 0.56 0.33 0.44 0.78 1.00 0.56 0.44 0.56 0.78 0.89 0.22 0.78 0.67 1.00 0.11 0.56 1.00 0.44 0.44 0.33 0.44 0.78 0.22 0.89 0.56 0.22 0.44 0.11 0.56 1.00 0.89 0.56 0.33 0.33 0.33 0.56 0.67 0.67 0.78 0.89 0.56 0.33 0.67 0.44 0.89 0.56 0.33 0.56 1.00 0.78 1.00 0.56 0.44 0.22 0.56 0.11 0.22 0.89 0.11 0.78 0.44 0.56 0.44 0.67 0.89 0.67 0.67 1.00
0.00 0.00 0.00 0.00 0.00 0.00 0.00 0.00 0.00 0.00 0.00 0.00 0.00 0.00 0.00 0.00 0.00 0.00 0.00 0.00 0.00 0.00 0.00 0.00 0.00 0.00 0.00 0.00 0.00 0.00 1.00 0.60 1.00 0.80 0.20 0.60 1.60 1.20 0.40 1.40 0.80 1.60 1.80 1.40 1.00 0.80 1.60 0.40 0.60 1.40 1.60 1.80 0.80 1.80 0.40 0.40 0.60 1.20 1.60 1.40 0.80 0.20 0.20 1.00 1.20 1.80 1.00 1.40 1.80 0.40 1.00 0.20 1.20 1.40 0.80 1.00 0.20 0.60 1.20 0.20 1.20 1.60 0.80 1.00 0.80 0.20 1.60 1.60 0.60 1.40 1.80 1.20 1.20 1.20 0.80 0.60 0.40 0.60 0.40 1.40 1.00
-0.00 -0.00 -0.00 -0.00 -0.00 -0.00 -0.00 -0.00 -0.00 -0.00 -0.00 -0.00 -0.00 -0.00 -0.00 -0.00 -0.00 -0.00 -0.00 -0.00 -0.00 -0.00 -0.00 -0.00 -0.00 -0.00 -0.00 -0.00 -0.00 -0.00 -0.00 1.00 4.50 2.50 2.00 4.50 4.00 1.00 0.50 3.50 3.50 3.50 2.00 4.00 3.00 0.50 4.50 1.00 3.50 2.00 0.50 2.00 4.00 1.00 0.50 0.50 2.50 2.00 1.00 1.00 3.50 1.00 1.50 3.00 1.00 4.00 0.50 4.00 4.00 0.50 3.00 2.50 1.00 2.00 2.50 2.00 3.50 2.00 3.00 2.00 2.00 4.50 2.00 4.50 1.00 2.00 4.50 3.00 4.00 4.50 2.50 3.00 1.00 1.00 2.50 4.50 2.00 3.00 3.50 1.50 3.50
0.00 0.00 0.00 0.00 0.00 0.00 0.00 0.00 0.00 0.00 0.00 0.00 0.00 0.00 0.00 0.00 0.00 0.00 0.00 0.00 0.00 0.00 0.00 0.00 0.00 0.00 0.00 0.00 0.00 0.00 0.00 0.00 1.00 0.11 0.33 0.22 0.44 1.00 0.89 0.22 1.00 0.22 0.11 0.22 0.11 0.78 0.78 0.78 0.11 0.44 0.44 0.56 0.33 0.56 1.00 0.11 0.89 0.44 0.22 0.89 1.00 0.89 1.00 0.22 0.89 0.33 0.78 0.11 0.11 0.33 0.67 0.56 0.33 1.00 0.67 0.22 0.22 1.00 0.89 0.33 0.89 0.56 0.78 0.89 0.33 0.44 0.22 0.33 0.33 0.44 0.44 1.00 1.00 0.11 0.44 0.44 0.11 0.89 0.44 0.56 0.78
-0.00 -0.00 -0.00 -0.00 -0.00 -0.00 -0.00 -0.00 -0.00 -0.00 -0.00 -0.00 -0.00 -0.00 -0.00 -0.00 -0.00 -0.00 -0.00 -0.00 -0.00 -0.00 -0.00 -0.00 -0.00 -0.00 -0.00 -0.00 -0.00 -0.00 -0.00 -0.00 -0.00 1.00 0.20 0.20 0.80 1.60 0.60 1.40 0.20 0.80 1.00 0.60 1.20 1.40 0.60 1.40 1.00 0.80 0.80 0.60 1.20 1.80 1.80 0.60 0.20 1.40 1.20 0.60 1.60 1.40 1.60 0.40 0.40 1.60 1.40 0.40 1.40 1.40 1.80 1.80 1.20 0.60 0.60 0.20 1.00 1.00 1.80 0.40 0.20 1.80 1.40 0.20 1.00 0.40 0.60 0.20 0.80 1.80 0.20 0.40 1.40 0.40 0.60 0.60 0.20 0.40 1.20 1.60 0.20
0.00 0.00 0.00 0.00 0.00 0.00 0.00 0.00 0.00 0.00 0.00 0.00 0.00 0.00 0.00 0.00 0.00 0.00 0.00 0.00 0.00 0.00 0.00 0.00 0.00 0.00 0.00 0.00 0.00 0.00 0.00 0.00 0.00 0.00 1.00 1.20 1.80 0.40 1.00 0.40 0.60 0.40 0.80 0.60 0.40 0.20 0.20 0.60 1.00 0.60 1.60 0.80 0.40 1.00 0.20 1.20 0.80 0.40 1.00 1.80 0.20 0.80 0.60 1.00 0.40 1.20 1.40 0.20 1.00 1.40 1.40 0.40 0.20 0.40 1.60 1.00 1.60 1.20 0.40 0.20 0.60 1.40 1.80 1.20 1.60 0.60 1.00 1.00 1.40 1.60 1.20 0.60 1.80 0.20 0.60 0.80 1.40 1.00 0.20 0.40 1.60
-0.00 -0.00 -0.00 -0.00 -0.00 -0.00 -0.00 -0.00 -0.00 -0.00 -0.00 -0.00 -0.00 -0.00 -0.00 -0.00 -0.00 -0.00 -0.00 -0.00 -0.00 -0.00 -0.00 -0.00 -0.00 -0.00 -0.00 -0.00 -0.00 -0.00 -0.00 -0.00 -0.00 -0.00 -0.00 1.00 0.14 0.57 0.29 1.14 0.14 0.86 1.29 1.29 0.71 1.00 1.14 0.29 0.43 0.86 1.14 0.71 0.14 0.71 0.71 0.57 0.43 0.14 0.86 0.86 0.57 1.14 0.43 1.14 0.57 1.00 1.00 0.29 0.43 1.00 0.14 0.14 1.14 0.71 0.29 0.57 0.29 1.14 0.71 1.14 1.00 1.29 1.14 0.86 0.71 1.14 0.14 1.29 0.71 0.14 1.29 0.57 0.71 1.00 0.57 0.57 0.29 0.57 0.14 0.71 1.14
0.00 0.00 0.00 0.00 0.00 0.00 0.00 0.00 0.00 0.00 0.00 0.00 0.00 0.00 0.00 0.00 0.00 0.00 0.00 0.00 0.00 0.00 0.00 0.00 0.00 0.00 0.00 0.00 0.00 0.00 0.00 0.00 0.00 0.00 0.00 0.00 1.00 1.20 0.80 0.60 0.20 1.80 1.40 1.80 1.60 0.60 1.60 1.00 1.60 0.40 1.00 0.80 0.20 0.40 0.20 1.40 1.00 0.40 1.60 1.20 0.20 0.40 0.20 0.80 1.60 1.80 0.80 1.40 1.40 0.60 1.20 1.80 0.20 0.80 1.60 0.80 0.40 1.00 0.20 0.20 1.00 1.60 0.20 1.40 1.60 1.40 1.00 0.20 1.60 0.20 1.20 0.80 0.80 0.60 0.40 0.20 0.20 1.60 1.80 1.60 1.00
-0.00 -0.00 -0.00 -0.00 -0.00 -0.00 -0.00 -0.00 -0.00 -0.00 -0.00 -0.00 -0.00 -0.00 -0.00 -0.00 -0.00 -0.00 -0.00 -0.00 -0.00 -0.00 -0.00 -0.00 -0.00 -0.00 -0.00 -0.00 -0.00 -0.00 -0.00 -0.00 -0.00 -0.00 -0.00 -0.00 -0.00 1.00 0.20 1.40 0.60 0.80 0.80 0.20 1.80 1.20 0.80 0.20 1.80 1.20 0.40 0.80 0.40 0.60 0.80 1.20 0.60 0.40 0.60 1.60 0.40 1.80 0.40 1.20 1.20 1.20 0.40 1.60 1.20 1.00 1.00 0.80 0.40 1.80 0.60 1.60 0.20 1.20 1.20 0.20 1.20 1.80 1.20 0.80 0.40 0.20 1.40 0.40 1.60 0.60 0.40 1.20 1.80 1.80 0.40 1.80 0.80 1.80 0.80 0.60 1.40
0.00 0.00 0.00 0.00 0.00 0.00 0.00 0.00 0.00 0.00 0.00 0.00 0.00 0.00 0.00 0.00 0.00 0.00 0.00 0.00 0.00 0.00 0.00 0.00 0.00 0.00 0.00 0.00 0.00 0.00 0.00 0.00 0.00 0.00 0.00 0.00 0.00 0.00 1.00 1.33 2.33 1.00 2.67 2.00 2.33 0.33 0.67 2.67 1.33 2.67 0.67 3.00 1.00 2.00 0.67 0.33 2.00 3.00 0.33 3.00 2.00 3.00 0.67 2.67 0.33 1.67 3.00 3.00 3.00 2.67 0.67 1.67 2.00 0.33 0.33 2.33 0.33 0.67 0.33 3.00 2.00 2.00 2.00 1.33 2.67 3.00 1.33 2.33 0.67 2.67 1.33 1.00 2.67 0.67 0.33 2.00 0.67 1.33 0.67 3.00 1.33
-0.00 -0.00 -0.00 -0.00 -0.00 -0.00 -0.00 -0.00 -0.00 -0.00 -0.00 -0.00 -0.00 -0.00 -0.00 -0.00 -0.00 -0.00 -0.00 -0.00 -0.00 -0.00 -0.00 -0.00 -0.00 -0.00 -0.00 -0.00 -0.00 -0.00 -0.00 -0.00 -0.00 -0.00 -0.00 -0.00 -0.00 -0.00 -0.00 1.00 1.00 4.00 4.50 2.50 1.00 4.00 1.00 0.50 3.50 4.50 0.50 1.50 0.50 4.00 2.50 0.50 1.50 4.50 3.50 0.50 4.00 4.50 2.00 0.50 2.50 2.50 4.50 2.00 2.00 3.50 1.50 2.00 1.50 4.50 3.00 2.50 0.50 3.00 2.50 1.50 0.50 2.50 2.50 3.50 4.50 3.00 3.50 1.50 2.50 3.50 2.50 0.50 2.00 2.50 3.00 2.00 1.00 1.50 1.50 3.00 0.50
0.00 0.00 0.00 0.00 0.00 0.00 0.00 0.00 0.00 0.00 0.00 0.00 0.00 0.00 0.00 0.00 0.00 0.00 0.00 0.00 0.00 0.00 0.00 0.00 0.00 0.00 0.00 0.00 0.00 0.00 0.00 0.00 0.00 0.00 0.00 0.00 0.00 0.00 0.00 0.00 1.00 0.20 1.40 0.60 1.00 1.60 1.40 0.20 0.80 0.20 0.60 0.80 0.80 1.60 1.20 1.00 0.80 0.40 1.20 1.60 1.60 0.40 1.80 1.80 1.00 0.80 1.00 1.40 1.20 1.00 0.80 0.60 0.20 0.40 1.20 1.80 0.40 1.80 0.20 1.40 0.80 0.40 1.00 1.40 1.20 1.40 0.80 1.60 1.60 0.60 0.80 1.20 0.20 1.80 1.20 0.40 0.20 0.20 1.20 1.00 0.40
-0.00 -0.00 -0.00 -0.00 -0.00 -0.00 -0.00 -0.00 -0.00 -0.00 -0.00 -0.00 -0.00 -0.00 -0.00 -0.00 -0.00 -0.00 -0.00 -0.00 -0.00 -0.00 -0.00 -0.00 -0.00 -0.00 -0.00 -0.00 -0.00 -0.00 -0.00 -0.00 -0.00 -0.00 -0.00 -0.00 -0.00 -0.00 -0.00 -0.00 -0.00 1.00 2.00 2.50 1.50 2.50 4.00 4.00 2.00 4.50 4.50 2.00 3.50 3.00 1.00 1.00 0.50 1.00 2.50 4.00 1.00 0.50 1.50 1.00 3.00 3.00 4.00 2.00 1.00 1.00 3.00 1.50 1.00 1.00 2.50 3.00 3.00 2.00 0.50 4.50 4.00 4.00 1.50 0.50 1.00 4.50 2.00 4.00 1.50 1.50 3.00 3.50 1.50 3.00 0.50 4.50 2.50 0.50 2.50 2.00 4.00
0.00 0.00 0.00 0.00 0.00 0.00 0.00 0.00 0.00 0.00 0.00 0.00 0.00 0.00 0.00 0.00 0.00 0.00 0.00 0.00 0.00 0.00 0.00 0.00 0.00 0.00 0.00 0.00 0.00 0.00 0.00 0.00 0.00 0.00 0.00 0.00 0.00 0.00 0.00 0.00 0.00 0.00 1.00 1.00 1.12 1.00 0.25 0.38 0.50 0.75 0.25 0.75 0.62 1.00 0.88 0.88 0.50 0.12 0.62 0.38 0.38 0.38 0.25 0.50 0.75 0.62 0.88 0.38 1.00 0.75 0.50 0.12 1.12 0.12 0.38 0.88 0.88 1.00 0.50 1.12 0.38 0.38 0.62 0.88 0.50 0.25 0.25 0.50 0.62 1.12 0.12 0.88 0.50 1.00 0.88 0.75 0.88 1.12 1.12 0.75 0.50
-0.00 -0.00 -0.00 -0.00 -0.00 -0.00 -0.00 -0.00 -0.00 -0.00 -0.00 -0.00 -0.00 -0.00 -0.00 -0.00 -0.00 -0.00 -0.00 -0.00 -0.00 -0.00 -0.00 -0.00 -0.00 -0.00 -0.00 -0.00 -0.00 -0.00 -0.00 -0.00 -0.00 -0.00 -0.00 -0.00 -0.00 -0.00 -0.00 -0.00 -0.00 -0.00 -0.00 1.00 1.00 0.83 0.33 0.83 0.17 1.33 1.50 1.17 1.50 0.67 0.50 0.50 1.00 0.33 0.67 0.83 1.00 1.33 1.50 0.83 0.33 1.17 0.33 1.00 0.67 0.83 1.00 0.50 0.50 0.17 1.50 1.50 0.17 0.50 1.17 0.17 0.17 0.50 1.50 1.00 0.33 0.17 1.17 0.67 1.00 0.33 0.17 1.17 0.17 0.33 0.50 1.33 1.50 1.50 1.00 0.17 1.33
0.00 0.00 0.00 0.00 0.00 0.00 0.00 0.00 0.00 0.00 0.00 0.00 0.00 0.00 0.00 0.00 0.00 0.00 0.00 0.00 0.00 0.00 0.00 0.00 0.00 0.00 0.00 0.00 0.00 0.00 0.00 0.00 0.00 0.00 0.00 0.00 0.00 0.00 0.00 0.00 0.00 0.00 0.00 0.00 1.00 0.12 1.12 1.00 0.62 0.75 0.75 0.62 0.62 1.00 0.50 0.62 1.00 0.88 0.88 0.12 1.12 0.62 1.00 0.50 1.12 0.12 0.75 0.25 0.88 0.62 0.25 1.00 1.12 0.12 0.12 1.12 0.75 1.12 0.25 0.38 0.38 0.38 0.62 1.00 0.12 0.88 1.12 0.88 1.12 0.88 0.12 1.00 0.25 0.38 0.50 0.62 0.62 0.75 0.62 0.62 1.12
-0.00 -0.00 -0.00 -0.00 -0.00 -0.00 -0.00 -0.00 -0.00 -0.00 -0.00 -0.00 -0.00 -0.00 -0.00 -0.00 -0.00 -0.00 -0.00 -0.00 -0.00 -0.00 -0.00 -0.00 -0.00 -0.00 -0.00 -0.00 -0.00 -0.00 -0.00 -0.00 -0.00 -0.00 -0.00 -0.00 -0.00 -0.00 -0.00 -0.00 -0.00 -0.00 -0.00 -0.00 -0.00 1.00 0.33 0.11 0.11 0.78 0.11 0.78 0.44 0.67 0.89 0.11 0.11 0.56 0.44 0.78 0.67 1.00 0.56 0.89 0.89 0.44 0.56 0.56 0.11 0.78 0.44 0.89 0.56 0.78 0.78 0.78 0.22 0.22 0.78 0.33 0.11 0.44 0.11 1.00 0.78 0.78 0.67 0.67 0.56 1.00 0.78 0.67 0.44 0.33 0.78 0.22 0.44 0.33 0.11 0.22 0.67
0.00 0.00 0.00 0.00 0.00 0.00 0.00 0.00 0.00 0.00 0.00 0.00 0.00 0.00 0.00 0.00 0.00 0.00 0.00 0.00 0.00 0.00 0.00 0.00 0.00 0.00 0.00 0.00 0.00 0.00 0.00 0.00 0.00 0.00 0.00 0.00 0.00 0.00 0.00 0.00 0.00 0.00 0.00 0.00 0.00 0.00 1.00 0.60 0.40 1.80 1.00 0.20 1.60 1.60 0.80 1.80 0.80 0.80 0.60 1.60 0.20 0.60 1.00 0.40 0.40 1.20 1.20 1.20 0.80 0.80 1.40 0.60 0.40 0.40 0.40 0.20 1.20 0.60 0.60 1.40 0.60 1.20 1.00 1.40 1.60 0.40 1.80 1.00 0.80 1.00 0.80 1.20 0.20 0.20 1.80 1.40 0.40 1.00 1.80 1.40 1.60
-0.00 -0.00 -0.00 -0.00 -0.00 -0.00 -0.00 -0.00 -0.00 -0.00 -0.00 -0.00 -0.00 -0.00 -0.00 -0.00 -0.00 -0.00 -0.00 -0.00 -0.00 -0.00 -0.00 -0.00 -0.00 -0.00 -0.00 -0.00 -0.00 -0.00 -0.00 -0.00 -0.00 -0.00 -0.00 -0.00 -0.00 -0.00 -0.00 -0.00 -0.00 -0.00 -0.00 -0.00 -0.00 -0.00 -0.00 1.00 0.60 1.00 0.80 0.60 0.60 1.20 1.00 0.60 1.60 0.80 0.40 1.00 1.40 0.40 0.60 0.20 0.80 1.20 1.20 0.20 0.20 1.80 1.80 1.80 0.20 0.80 1.80 0.80 1.00 0.60 0.20 0.60 0.20 1.40 1.40 0.20 1.20 1.60 1.80 0.40 1.80 1.00 1.40 0.60 0.60 1.60 1.60 0.80 1.60 0.20 0.20 0.80 1.40
0.00 0.00 0.00 0.00 0.00 0.00 0.00 0.00 0.00 0.00 0.00 0.00 0.00 0.00 0.00 0.00 0.00 0.00 0.00 0.00 0.00 0.00 0.00 0.00 0.00 0.00 0.00 0.00 0.00 0.00 0.00 0.00 0.00 0.00 0.00 0.00 0.00 0.00 0.00 0.00 0.00 0.00 0.00 0.00 0.00 0.00 0.00 0.00 1.00 0.12 0.50 0.75 0.75 0.38 1.00 0.12 1.00 0.25 0.62 0.38 0.62 1.00 0.38 0.62 1.00 0.75 0.38 1.00 0.75 0.75 0.88 0.75 0.75 0.12 0.75 0.50 0.75 0.50 0.12 0.38 0.88 1.12 0.62 1.12 0.38 0.38 0.62 0.38 0.88 1.12 0.75 0.88 0.75 1.00 0.88 0.12 0.12 0.25 0.75 0.25 1.12
-0.00 -0.00 -0.00 -0.00 -0.00 -0.00 -0.00 -0.00 -0.00 -0.00 -0.00 -0.00 -0.00 -0.00 -0.00 -0.00 -0.00 -0.00 -0.00 -0.00 -0.00 -0.00 -0.00 -0.00 -0.00 -0.00 -0.00 -0.00 -0.00 -0.00 -0.00 -0.00 -0.00 -0.00 -0.00 -0.00 -0.00 -0.00 -0.00 -0.00 -0.00 -0.00 -0.00 -0.00 -0.00 -0.00 -0.00 -0.00 -0.00 1.00 5.00 2.00 1.00 8.00 2.00 1.00 2.00 4.00 7.00 5.00 8.00 2.00 4.00 9.00 5.00 7.00 2.00 2.00 1.00 9.00 6.00 1.00 2.00 6.00 1.00 5.00 8.00 4.00 5.00 7.00 9.00 2.00 7.00 8.00 5.00 4.00 7.00 3.00 2.00 4.00 4.00 6.00 1.00 1.00 3.00 1.00 7.00 9.00 1.00 1.00 7.00
0.00 0.00 0.00 0.00 0.00 0.00 0.00 0.00 0.00 0.00 0.00 0.00 0.00 0.00 0.00 0.00 0.00 0.00 0.00 0.00 0.00 0.00 0.00 0.00 0.00 0.00 0.00 0.00 0.00 0.00 0.00 0.00 0.00 0.00 0.00 0.00 0.00 0.00 0.00 0.00 0.00 0.00 0.00 0.00 0.00 0.00 0.00 0.00 0.00 0.00 1.00 0.33 0.22 0.89 0.44 0.11 1.00 0.56 0.22 0.67 0.89 0.11 1.00 0.33 0.22 1.00 0.11 0.89 0.78 0.56 0.22 0.22 0.89 0.89 0.67 0.89 0.44 0.11 0.56 0.56 0.44 0.56 0.11 0.67 1.00 1.00 0.22 0.33 1.00 0.78 0.44 0.78 1.00 0.78 0.22 0.67 0.22 0.89 1.00 0.22 0.44
-0.00 -0.00 -0.00 -0.00 -0.00 -0.00 -0.00 -0.00 -0.00 -0.00 -0.00 -0.00 -0.00 -0.00 -0.00 -0.00 -0.00 -0.00 -0.00 -0.00 -0.00 -0.00 -0.00 -0.00 -0.00 -0.00 -0.00 -0.00 -0.00 -0.00 -0.00 -0.00 -0.00 -0.00 -0.00 -0.00 -0.00 -0.00 -0.00 -0.00 -0.00 -0.00 -0.00 -0.00 -0.00 -0.00 -0.00 -0.00 -0.00 -0.00 -0.00 1.00 0.33 0.33 0.67 2.00 1.33 1.67 2.33 1.33 2.00 3.00 1.33 2.67 1.33 2.00 2.33 2.00 2.67 0.33 0.33 1.00 2.33 2.00 1.67 0.33 2.33 0.67 0.33 3.00 0.33 2.67 2.33 0.33 1.67 1.00 1.00 2.67 2.67 1.67 2.00 0.67 2.67 1.00 1.67 2.67 2.33 0.33 3.00 0.67 0.33
0.00 0.00 0.00 0.00 0.00 0.00 0.00 0.00 0.00 0.00 0.00 0.00 0.00 0.00 0.00 0.00 0.00 0.00 0.00 0.00 0.00 0.00 0.00 0.00 0.00 0.00 0.00 0.00 0.00 0.00 0.00 0.00 0.00 0.00 0.00 0.00 0.00 0.00 0.00 0.00 0.00 0.00 0.00 0.00 0.00 0.00 0.00 0.00 0.00 0.00 0.00 0.00 1.00 2.00 1.00 5.00 3.00 9.00 5.00 1.00 6.00 7.00 4.00 5.00 2.00 1.00 9.00 8.00 6.00 9.00 6.00 4.00 4.00 1.00 3.00 5.00 3.00 9.00 5.00 4.00 1.00 4.00 8.00 3.00 1.00 7.00 3.00 9.00 9.00 8.00 4.00 7.00 2.00 9.00 5.00 8.00 1.00 8.00 9.00 3.00 6.00
-0.00 -0.00 -0.00 -0.00 -0.00 -0.00 -0.00 -0.00 -0.00 -0.00 -0.00 -0.00 -0.00 -0.00 -0.00 -0.00 -0.00 -0.00 -0.00 -0.00 -0.00 -0.00 -0.00 -0.00 -0.00 -0.00 -0.00 -0.00 -0.00 -0.00 -0.00 -0.00 -0.00 -0.00 -0.00 -0.00 -0.00 -0.00 -0.00 -0.00 -0.00 -0.00 -0.00 -0.00 -0.00 -0.00 -0.00 -0.00 -0.00 -0.00 -0.00 -0.00 -0.00 1.00 2.00 5.00 2.00 2.00 8.00 3.00 3.00 1.00 9.00 6.00 8.00 6.00 4.00 1.00 6.00 7.00 9.00 6.00 4.00 5.00 4.00 7.00 1.00 6.00 7.00 4.00 3.00 4.00 5.00 1.00 6.00 1.00 3.00 5.00 8.00 5.00 6.00 4.00 7.00 7.00 4.00 6.00 1.00 3.00 2.00 3.00 7.00
0.00 0.00 0.00 0.00 0.00 0.00 0.00 0.00 0.00 0.00 0.00 0.00 0.00 0.00 0.00 0.00 0.00 0.00 0.00 0.00 0.00 0.00 0.00 0.00 0.00 0.00 0.00 0.00 0.00 0.00 0.00 0.00 0.00 0.00 0.00 0.00 0.00 0.00 0.00 0.00 0.00 0.00 0.00 0.00 0.00 0.00 0.00 0.00 0.00 0.00 0.00 0.00 0.00 0.00 1.00 1.29 0.71 0.86 1.00 0.86 1.29 1.00 0.43 1.00 0.57 1.00 0.57 0.29 0.71 0.71 0.29 0.57 1.29 0.86 0.57 0.14 1.29 1.00 0.29 0.86 1.14 0.86 1.29 0.29 1.29 1.14 1.00 0.86 0.71 1.00 0.29 1.29 0.71 0.71 1.00 1.00 0.43 0.71 0.71 1.29 1.29
-0.00 -0.00 -0.00 -0.00 -0.00 -0.00 -0.00 -0.00 -0.00 -0.00 -0.00 -0.00 -0.00 -0.00 -0.00 -0.00 -0.00 -0.00 -0.00 -0.00 -0.00 -0.00 -0.00 -0.00 -0.00 -0.00 -0.00 -0.00 -0.00 -0.00 -0.00 -0.00 -0.00 -0.00 -0.00 -0.00 -0.00 -0.00 -0.00 -0.00 -0.00 -0.00 -0.00 -0.00 -0.00 -0.00 -0.00 -0.00 -0.00 -0.00 -0.00 -0.00 -0.00 -0.00 -0.00 1.00 1.33 1.33 1.17 1.50 0.50 0.50 0.33 1.00 0.67 0.17 0.67 1.00 0.33 1.50 0.17 1.17 1.17 1.50 0.17 0.33 0.33 1.50 0.83 0.83 0.33 1.50 0.50 1.50 1.33 1.00 0.33 1.17 0.50 0.17 1.00 1.00 1.17 1.50 1.33 0.83 0.33 0.67 1.00 1.50 0.17
0.00 0.00 0.00 0.00 0.00 0.00 0.00 0.00 0.00 0.00 0.00 0.00 0.00 0.00 0.00 0.00 0.00 0.00 0.00 0.00 0.00 0.00 0.00 0.00 0.00 0.00 0.00 0.00 0.00 0.00 0.00 0.00 0.00 0.00 0.00 0.00 0.00 0.00 0.00 0.00 0.00 0.00 0.00 0.00 0.00 0.00 0.00 0.00 0.00 0.00 0.00 0.00 0.00 0.00 0.00 0.00 1.00 0.33 2.00 1.67 2.67 2.67 2.67 1.67 2.00 2.00 1.67 2.00 2.00 0.67 0.33 1.67 1.00 0.67 3.00 2.33 1.67 1.00 2.33 2.33 1.00 0.67 2.33 1.00 1.33 1.00 1.00 2.33 2.67 2.67 2.33 2.00 3.00 3.00 3.00 1.67 0.67 2.67 1.67 0.33 2.00
-0.00 -0.00 -0.00 -0.00 -0.00 -0.00 -0.00 -0.00 -0.00 -0.00 -0.00 -0.00 -0.00 -0.00 -0.00 -0.00 -0.00 -0.00 -0.00 -0.00 -0.00 -0.00 -0.00 -0.00 -0.00 -0.00 -0.00 -0.00 -0.00 -0.00 -0.00 -0.00 -0.00 -0.00 -0.00 -0.00 -0.00 -0.00 -0.00 -0.00 -0.00 -0.00 -0.00 -0.00 -0.00 -0.00 -0.00 -0.00 -0.00 -0.00 -0.00 -0.00 -0.00 -0.00 -0.00 -0.00 -0.00 1.00 1.00 1.50 1.00 1.50 1.50 1.00 1.50 0.50 2.00 0.75 2.00 1.00 1.25 1.25 0.50 2.25 2.00 1.00 2.00 0.25 2.00 1.75 1.75 1.25 0.25 2.00 1.00 0.75 0.75 1.50 2.25 1.25 1.25 2.00 1.25 1.25 1.50 0.25 2.00 0.50 2.00 2.00 1.50
0.00 0.00 0.00 0.00 0.00 0.00 0.00 0.00 0.00 0.00 0.00 0.00 0.00 0.00 0.00 0.00 0.00 0.00 0.00 0.00 0.00 0.00 0.00 0.00 0.00 0.00 0.00 0.00 0.00 0.00 0.00 0.00 0.00 0.00 0.00 0.00 0.00 0.00 0.00 0.00 0.00 0.00 0.00 0.00 0.00 0.00 0.00 0.00 0.00 0.00 0.00 0.00 0.00 0.00 0.00 0.00 0.00 0.00 1.00 1.20 1.80 1.80 0.40 0.80 1.20 1.60 1.80 1.00 1.40 0.20 1.80 1.60 1.60 1.00 1.00 0.80 0.20 1.20 1.00 1.80 1.20 0.20 1.80 0.80 0.60 1.40 1.40 1.00 1.20 1.60 0.60 0.40 1.40 1.80 0.40 0.20 0.20 0.20 0.40 0.40 0.60
-0.00 -0.00 -0.00 -0.00 -0.00 -0.00 -0.00 -0.00 -0.00 -0.00 -0.00 -0.00 -0.00 -0.00 -0.00 -0.00 -0.00 -0.00 -0.00 -0.00 -0.00 -0.00 -0.00 -0.00 -0.00 -0.00 -0.00 -0.00 -0.00 -0.00 -0.00 -0.00 -0.00 -0.00 -0.00 -0.00 -0.00 -0.00 -0.00 -0.00 -0.00 -0.00 -0.00 -0.00 -0.00 -0.00 -0.00 -0.00 -0.00 -0.00 -0.00 -0.00 -0.00 -0.00 -0.00 -0.00 -0.00 -0.00 -0.00 1.00 2.50 4.00 4.00 3.00 1.50 4.50 2.00 3.00 3.50 3.50 0.50 1.00 3.50 4.00 3.00 1.00 2.00 2.50 3.00 2.00 3.50 4.00 3.50 0.50 1.00 4.00 0.50 1.00 1.50 0.50 2.50 2.00 2.50 1.50 2.50 3.50 2.00 4.50 0.50 3.50 4.50
0.00 0.00 0.00 0.00 0.00 0.00 0.00 0.00 0.00 0.00 0.00 0.00 0.00 0.00 0.00 0.00 0.00 0.00 0.00 0.00 0.00 0.00 0.00 0.00 0.00 0.00 0.00 0.00 0.00 0.00 0.00 0.00 0.00 0.00 0.00 0.00 0.00 0.00 0.00 0.00 0.00 0.00 0.00 0.00 0.00 0.00 0.00 0.00 0.00 0.00 0.00 0.00 0.00 0.00 0.00 0.00 0.00 0.00 0.00 0.00 1.00 2.50 1.50 4.50 3.00 2.50 4.50 2.00 1.50 1.00 1.00 4.50 2.50 0.50 2.50 1.50 0.50 1.50 2.50 2.50 1.50 3.00 2.50 2.50 4.00 0.50 4.00 3.00 0.50 1.00 0.50 3.00 0.50 1.50 3.00 0.50 2.00 1.00 3.00 4.50 0.50
-0.00 -0.00 -0.00 -0.00 -0.00 -0.00 -0.00 -0.00 -0.00 -0.00 -0.00 -0.00 -0.00 -0.00 -0.00 -0.00 -0.00 -0.00 -0.00 -0.00 -0.00 -0.00 -0.00 -0.00 -0.00 -0.00 -0.00 -0.00 -0.00 -0.00 -0.00 -0.00 -0.00 -0.00 -0.00 -0.00 -0.00 -0.00 -0.00 -0.00 -0.00 -0.00 -0.00 -0.00 -0.00 -0.00 -0.00 -0.00 -0.00 -0.00 -0.00 -0.00 -0.00 -0.00 -0.00 -0.00 -0.00 -0.00 -0.00 -0.00 -0.00 1.00 0.57 0.43 0.43 1.14 0.14 0.86 0.71 0.14 0.29 0.57 0.14 0.57 0.43 0.29 1.29 0.86 0.86 0.71 1.00 0.57 0.29 0.57 0.43 1.14 0.57 0.71 0.57 0.14 1.14 0.57 1.00 0.71 1.00 1.00 0.57 1.29 0.14 0.43 1.14
0.00 0.00 0.00 0.00 0.00 0.00 0.00 0.00 0.00 0.00 0.00 0.00 0.00 0.00 0.00 0.00 0.00 0.00 0.00 0.00 0.00 0.00 0.00 0.00 0.00 0.00 0.00 0.00 0.00 0.00 0.00 0.00 0.00 0.00 0.00 0.00 0.00 0.00 0.00 0.00 0.00 0.00 0.00 0.00 0.00 0.00 0.00 0.00 0.00 0.00 0.00 0.00 0.00 0.00 0.00 0.00 0.00 0.00 0.00 0.00 0.00 0.00 1.00 0.43 1.29 1.00 1.00 1.14 0.57 0.86 1.00 0.57 1.29 1.14 1.14 0.43 0.14 0.14 0.57 0.14 0.14 0.29 1.14 0.29 0.86 0.71 0.29 0.86 1.14 0.14 0.86 0.14 0.29 1.29 0.71 1.00 0.57 0.71 0.71 0.14 0.71
-0.00 -0.00 -0.00 -0.00 -0.00 -0.00 -0.00 -0.00 -0.00 -0.00 -0.00 -0.00 -0.00 -0.00 -0.00 -0.00 -0.00 -0.00 -0.00 -0.00 -0.00 -0.00 -0.00 -0.00 -0.00 -0.00 -0.00 -0.00 -0.00 -0.00 -0.00 -0.00 -0.00 -0.00 -0.00 -0.00 -0.00 -0.00 -0.00 -0.00 -0.00 -0.00 -0.00 -0.00 -0.00 -0.00 -0.00 -0.00 -0.00 -0.00 -0.00 -0.00 -0.00 -0.00 -0.00 -0.00 -0.00 -0.00 -0.00 -0.00 -0.00 -0.00 -0.00 1.00 2.25 2.25 0.25 0.50 1.50 1.75 1.00 0.25 1.75 2.25 2.25 0.75 0.75 0.25 2.25 1.50 2.00 2.00 0.75 1.75 0.50 2.25 1.25 1.00 2.00 0.75 1.75 1.25 0.75 1.75 2.00 2.00 0.25 2.00 2.25 2.25 1.25
0.00 0.00 0.00 0.00 0.00 0.00 0.00 0.00 0.00 0.00 0.00 0.00 0.00 0.00 0.00 0.00 0.00 0.00 0.00 0.00 0.00 0.00 0.00 0.00 0.00 0.00 0.00 0.00 0.00 0.00 0.00 0.00 0.00 0.00 0.00 0.00 0.00 0.00 0.00 0.00 0.00 0.00 0.00 0.00 0.00 0.00 0.00 0.00 0.00 0.00 0.00 0.00 0.00 0.00 0.00 0.00 0.00 0.00 0.00 0.00 0.00 0.00 0.00 0.00 1.00 1.00 0.57 0.86 1.00 0.71 0.57 0.57 0.57 0.86 1.14 1.14 0.14 0.43 0.29 0.43 0.71 1.29 0.43 0.43 0.57 0.71 0.14 0.14 0.29 0.86 0.86 0.86 0.71 0.57 1.29 0.86 1.00 0.43 0.43 0.43 0.29
-0.00 -0.00 -0.00 -0.00 -0.00 -0.00 -0.00 -0.00 -0.00 -0.00 -0.00 -0.00 -0.00 -0.00 -0.00 -0.00 -0.00 -0.00 -0.00 -0.00 -0.00 -0.00 -0.00 -0.00 -0.00 -0.00 -0.00 -0.00 -0.00 -0.00 -0.00 -0.00 -0.00 -0.00 -0.00 -0.00 -0.00 -0.00 -0.00 -0.00 -0.00 -0.00 -0.00 -0.00 -0.00 -0.00 -0.00 -0.00 -0.00 -0.00 -0.00 -0.00 -0.00 -0.00 -0.00 -0.00 -0.00 -0.00 -0.00 -0.00 -0.00 -0.00 -0.00 -0.00 -0.00 1.00 3.00 0.67 2.00 1.67 0.33 1.67 2.00 1.33 1.33 0.67 1.33 2.33 0.67 1.33 1.00 2.33 3.00 2.00 1.67 0.33 1.33 2.67 1.33 2.67 1.67 2.33 1.00 2.67 2.33 0.67 3.00 0.33 1.00 2.33 2.67
0.00 0.00 0.00 0.00 0.00 0.00 0.00 0.00 0.00 0.00 0.00 0.00 0.00 0.00 0.00 0.00 0.00 0.00 0.00 0.00 0.00 0.00 0.00 0.00 0.00 0.00 0.00 0.00 0.00 0.00 0.00 0.00 0.00 0.00 0.00 0.00 0.00 0.00 0.00 0.00 0.00 0.00 0.00 0.00 0.00 0.00 0.00 0.00 0.00 0.00 0.00 0.00 0.00 0.00 0.00 0.00 0.00 0.00 0.00 0.00 0.00 0.00 0.00 0.00 0.00 0.00 1.00 0.29 0.57 0.57 0.71 1.00 0.71 1.14 0.29 1.29 0.43 0.43 0.14 0.29 1.14 0.14 1.29 0.14 1.14 0.14 1.14 0.43 0.86 0.86 0.86 0.86 1.29 1.00 0.43 0.86 0.29 0.86 0.14 0.71 0.14
-0.00 -0.00 -0.00 -0.00 -0.00 -0.00 -0.00 -0.00 -0.00 -0.00 -0.00 -0.00 -0.00 -0.00 -0.00 -0.00 -0.00 -0.00 -0.00 -0.00 -0.00 -0.00 -0.00 -0.00 -0.00 -0.00 -0.00 -0.00 -0.00 -0.00 -0.00 -0.00 -0.00 -0.00 -0.00 -0.00 -0.00 -0.00 -0.00 -0.00 -0.00 -0.00 -0.00 -0.00 -0.00 -0.00 -0.00 -0.00 -0.00 -0.00 -0.00 -0.00 -0.00 -0.00 -0.00 -0.00 -0.00 -0.00 -0.00 -0.00 -0.00 -0.00 -0.00 -0.00 -0.00 -0.00 -0.00 1.00 0.14 1.29 0.86 0.29 1.14 1.29 0.71 0.29 0.29 0.43 1.00 1.14 0.71 1.14 0.14 1.14 0.57 0.43 0.57 1.14 0.29 0.14 0.57 1.00 0.57 0.57 1.00 1.14 0.71 1.29 0.57 0.43 1.14
0.00 0.00 0.00 0.00 0.00 0.00 0.00 0.00 0.00 0.00 0.00 0.00 0.00 0.00 0.00 0.00 0.00 0.00 0.00 0.00 0.00 0.00 0.00 0.00 0.00 0.00 0.00 0.00 0.00 0.00 0.00 0.00 0.00 0.00 0.00 0.00 0.00 0.00 0.00 0.00 0.00 0.00 0.00 0.00 0.00 0.00 0.00 0.00 0.00 0.00 0.00 0.00 0.00 0.00 0.00 0.00 0.00 0.00 0.00 0.00 0.00 0.00 0.00 0.00 0.00 0.00 0.00 0.00 1.00 0.43 1.29 1.00 0.71 1.29 1.00 0.86 0.14 0.71 0.71 0.57 1.00 0.14 0.57 0.43 1.14 1.14 0.86 1.00 0.29 1.00 0.43 0.86 0.43 1.29 0.86 0.29 0.57 1.00 1.29 1.14 0.29
-0.00 -0.00 -0.00 -0.00 -0.00 -0.00 -0.00 -0.00 -0.00 -0.00 -0.00 -0.00 -0.00 -0.00 -0.00 -0.00 -0.00 -0.00 -0.00 -0.00 -0.00 -0.00 -0.00 -0.00 -0.00 -0.00 -0.00 -0.00 -0.00 -0.00 -0.00 -0.00 -0.00 -0.00 -0.00 -0.00 -0.00 -0.00 -0.00 -0.00 -0.00 -0.00 -0.00 -0.00 -0.00 -0.00 -0.00 -0.00 -0.00 -0.00 -0.00 -0.00 -0.00 -0.00 -0.00 -0.00 -0.00 -0.00 -0.00 -0.00 -0.00 -0.00 -0.00 -0.00 -0.00 -0.00 -0.00 -0.00 -0.00 1.00 0.12 0.75 0.50 0.38 0.50 0.38 0.12 0.25 0.50 0.62 1.12 0.62 1.12 0.62 1.12 0.25 0.38 0.62 1.00 0.12 0.38 0.25 0.88 1.00 0.88 0.50 0.38 1.00 0.75 0.12 0.38
0.00 0.00 0.00 0.00 0.00 0.00 0.00 0.00 0.00 0.00 0.00 0.00 0.00 0.00 0.00 0.00 0.00 0.00 0.00 0.00 0.00 0.00 0.00 0.00 0.00 0.00 0.00 0.00 0.00 0.00 0.00 0.00 0.00 0.00 0.00 0.00 0.00 0.00 0.00 0.00 0.00 0.00 0.00 0.00 0.00 0.00 0.00 0.00 0.00 0.00 0.00 0.00 0.00 0.00 0.00 0.00 0.00 0.00 0.00 0.00 0.00 0.00 0.00 0.00 0.00 0.00 0.00 0.00 0.00 0.00 1.00 0.12 0.75 1.00 0.50 0.38 0.25 0.25 0.75 0.50 0.88 0.75 0.12 0.50 0.88 0.38 0.88 0.38 0.75 1.12 0.38 0.38 1.12 0.38 0.75 0.62 1.12 0.25 1.00 1.00 0.38
-0.00 -0.00 -0.00 -0.00 -0.00 -0.00 -0.00 -0.00 -0.00 -0.00 -0.00 -0.00 -0.00 -0.00 -0.00 -0.00 -0.00 -0.00 -0.00 -0.00 -0.00 -0.00 -0.00 -0.00 -0.00 -0.00 -0.00 -0.00 -0.00 -0.00 -0.00 -0.00 -0.00 -0.00 -0.00 -0.00 -0.00 -0.00 -0.00 -0.00 -0.00 -0.00 -0.00 -0.00 -0.00 -0.00 -0.00 -0.00 -0.00 -0.00 -0.00 -0.00 -0.00 -0.00 -0.00 -0.00 -0.00 -0.00 -0.00 -0.00 -0.00 -0.00 -0.00 -0.00 -0.00 -0.00 -0.00 -0.00 -0.00 -0.00 -0.00 1.00 1.29 1.14 1.29 0.71 0.71 0.29 1.14 1.14 0.71 1.14 0.14 0.86 0.43 1.14 0.57 0.86 0.29 1.29 1.29 0.14 1.00 1.14 0.14 1.00 0.71 1.00 0.57 0.29 1.00
0.00 0.00 0.00 0.00 0.00 0.00 0.00 0.00 0.00 0.00 0.00 0.00 0.00 0.00 0.00 0.00 0.00 0.00 0.00 0.00 0.00 0.00 0.00 0.00 0.00 0.00 0.00 0.00 0.00 0.00 0.00 0.00 0.00 0.00 0.00 0.00 0.00 0.00 0.00 0.00 0.00 0.00 0.00 0.00 0.00 0.00 0.00 0.00 0.00 0.00 0.00 0.00 0.00 0.00 0.00 0.00 0.00 0.00 0.00 0.00 0.00 0.00 0.00 0.00 0.00 0.00 0.00 0.00 0.00 0.00 0.00 0.00 1.00 1.67 1.33 1.67 1.00 3.00 3.00 1.33 2.33 2.00 3.00 1.33 2.00 1.33 1.67 2.33 3.00 0.67 2.67 3.00 0.67 0.67 0.67 0.67 0.33 0.67 3.00 1.33 0.33
-0.00 -0.00 -0.00 -0.00 -0.00 -0.00 -0.00 -0.00 -0.00 -0.00 -0.00 -0.00 -0.00 -0.00 -0.00 -0.00 -0.00 -0.00 -0.00 -0.00 -0.00 -0.00 -0.00 -0.00 -0.00 -0.00 -0.00 -0.00 -0.00 -0.00 -0.00 -0.00 -0.00 -0.00 -0.00 -0.00 -0.00 -0.00 -0.00 -0.00 -0.00 -0.00 -0.00 -0.00 -0.00 -0.00 -0.00 -0.00 -0.00 -0.00 -0.00 -0.00 -0.00 -0.00 -0.00 -0.00 -0.00 -0.00 -0.00 -0.00 -0.00 -0.00 -0.00 -0.00 -0.00 -0.00 -0.00 -0.00 -0.00 -0.00 -0.00 -0.00 -0.00 1.00 3.00 8.00 9.00 5.00 9.00 5.00 5.00 6.00 2.00 2.00 5.00 2.00 8.00 7.00 4.00 2.00 6.00 5.00 6.00 3.00 3.00 6.00 1.00 2.00 1.00 1.00 7.00
0.00 0.00 0.00 0.00 0.00 0.00 0.00 0.00 0.00 0.00 0.00 0.00 0.00 0.00 0.00 0.00 0.00 0.00 0.00 0.00 0.00 0.00 0.00 0.00 0.00 0.00 0.00 0.00 0.00 0.00 0.00 0.00 0.00 0.00 0.00 0.00 0.00 0.00 0.00 0.00 0.00 0.00 0.00 0.00 0.00 0.00 0.00 0.00 0.00 0.00 0.00 0.00 0.00 0.00 0.00 0.00 0.00 0.00 0.00 0.00 0.00 0.00 0.00 0.00 0.00 0.00 0.00 0.00 0.00 0.00 0.00 0.00 0.00 0.00 1.00 1.00 0.57 0.57 1.14 0.86 0.43 1.29 0.14 0.71 0.57 1.00 1.14 0.29 1.14 1.29 0.29 0.86 1.29 1.29 0.43 0.14 0.43 0.43 0.71 1.00 1.29
-0.00 -0.00 -0.00 -0.00 -0.00 -0.00 -0.00 -0.00 -0.00 -0.00 -0.00 -0.00 -0.00 -0.00 -0.00 -0.00 -0.00 -0.00 -0.00 -0.00 -0.00 -0.00 -0.00 -0.00 -0.00 -0.00 -0.00 -0.00 -0.00 -0.00 -0.00 -0.00 -0.00 -0.00 -0.00 -0.00 -0.00 -0.00 -0.00 -0.00 -0.00 -0.00 -0.00 -0.00 -0.00 -0.00 -0.00 -0.00 -0.00 -0.00 -0.00 -0.00 -0.00 -0.00 -0.00 -0.00 -0.00 -0.00 -0.00 -0.00 -0.00 -0.00 -0.00 -0.00 -0.00 -0.00 -0.00 -0.00 -0.00 -0.00 -0.00 -0.00 -0.00 -0.00 -0.00 1.00 0.17 0.67 1.50 1.17 1.00 1.00 0.83 1.00 0.67 1.50 0.50 1.00 1.00 1.33 0.50 0.50 0.83 1.00 1.50 0.50 1.50 0.17 0.67 0.33 1.33
0.00 0.00 0.00 0.00 0.00 0.00 0.00 0.00 0.00 0.00 0.00 0.00 0.00 0.00 0.00 0.00 0.00 0.00 0.00 0.00 0.00 0.00 0.00 0.00 0.00 0.00 0.00 0.00 0.00 0.00 0.00 0.00 0.00 0.00 0.00 0.00 0.00 0.00 0.00 0.00 0.00 0.00 0.00 0.00 0.00 0.00 0.00 0.00 0.00 0.00 0.00 0.00 0.00 0.00 0.00 0.00 0.00 0.00 0.00 0.00 0.00 0.00 0.00 0.00 0.00 0.00 0.00 0.00 0.00 0.00 0.00 0.00 0.00 0.00 0.00 0.00 1.00 1.40 1.20 1.60 0.20 0.40 1.20 1.20 1.60 0.80 1.20 1.80 0.80 1.20 1.00 1.60 0.40 1.00 0.60 1.40 0.60 1.80 0.40 0.20 1.20
-0.00 -0.00 -0.00 -0.00 -0.00 -0.00 -0.00 -0.00 -0.00 -0.00 -0.00 -0.00 -0.00 -0.00 -0.00 -0.00 -0.00 -0.00 -0.00 -0.00 -0.00 -0.00 -0.00 -0.00 -0.00 -0.00 -0.00 -0.00 -0.00 -0.00 -0.00 -0.00 -0.00 -0.00 -0.00 -0.00 -0.00 -0.00 -0.00 -0.00 -0.00 -0.00 -0.00 -0.00 -0.00 -0.00 -0.00 -0.00 -0.00 -0.00 -0.00 -0.00 -0.00 -0.00 -0.00 -0.00 -0.00 -0.00 -0.00 -0.00 -0.00 -0.00 -0.00 -0.00 -0.00 -0.00 -0.00 -0.00 -0.00 -0.00 -0.00 -0.00 -0.00 -0.00 -0.00 -0.00 -0.00 1.00 0.33 1.33 3.00 3.00 1.33 1.00 0.67 1.00 0.67 1.00 1.33 0.33 0.33 1.33 1.00 2.00 0.67 1.33 0.33 2.00 2.00 2.67 1.67
0.00 0.00 0.00 0.00 0.00 0.00 0.00 0.00 0.00 0.00 0.00 0.00 0.00 0.00 0.00 0.00 0.00 0.00 0.00 0.00 0.00 0.00 0.00 0.00 0.00 0.00 0.00 0.00 0.00 0.00 0.00 0.00 0.00 0.00 0.00 0.00 0.00 0.00 0.00 0.00 0.00 0.00 0.00 0.00 0.00 0.00 0.00 0.00 0.00 0.00 0.00 0.00 0.00 0.00 0.00 0.00 0.00 0.00 0.00 0.00 0.00 0.00 0.00 0.00 0.00 0.00 0.00 0.00 0.00 0.00 0.00 0.00 0.00 0.00 0.00 0.00 0.00 0.00 1.00 0.78 0.33 0.22 0.78 0.22 0.56 0.33 0.78 0.56 0.44 0.89 0.11 0.67 0.22 1.00 0.44 0.67 0.11 0.78 0.89 0.78 0.33
-0.00 -0.00 -0.00 -0.00 -0.00 -0.00 -0.00 -0.00 -0.00 -0.00 -0.00 -0.00 -0.00 -0.00 -0.00 -0.00 -0.00 -0.00 -0.00 -0.00 -0.00 -0.00 -0.00 -0.00 -0.00 -0.00 -0.00 -0.00 -0.00 -0.00 -0.00 -0.00 -0.00 -0.00 -0.00 -0.00 -0.00 -0.00 -0.00 -0.00 -0.00 -0.00 -0.00 -0.00 -0.00 -0.00 -0.00 -0.00 -0.00 -0.00 -0.00 -0.00 -0.00 -0.00 -0.00 -0.00 -0.00 -0.00 -0.00 -0.00 -0.00 -0.00 -0.00 -0.00 -0.00 -0.00 -0.00 -0.00 -0.00 -0.00 -0.00 -0.00 -0.00 -0.00 -0.00 -0.00 -0.00 -0.00 -0.00 1.00 0.86 0.86 1.29 0.71 0.43 0.14 1.14 0.43 0.14 0.43 1.14 1.29 0.14 0.86 0.29 0.86 0.14 1.14 0.57 0.14 0.43
0.00 0.00 0.00 0.00 0.00 0.00 0.00 0.00 0.00 0.00 0.00 0.00 0.00 0.00 0.00 0.00 0.00 0.00 0.00 0.00 0.00 0.00 0.00 0.00 0.00 0.00 0.00 0.00 0.00 0.00 0.00 0.00 0.00 0.00 0.00 0.00 0.00 0.00 0.00 0.00 0.00 0.00 0.00 0.00 0.00 0.00 0.00 0.00 0.00 0.00 0.00 0.00 0.00 0.00 0.00 0.00 0.00 0.00 0.00 0.00 0.00 0.00 0.00 0.00 0.00 0.00 0.00 0.00 0.00 0.00 0.00 0.00 0.00 0.00 0.00 0.00 0.00 0.00 0.00 0.00 1.00 2.50 4.00 3.50 1.50 1.50 4.50 3.00 3.50 0.50 4.00 2.00 3.00 3.00 0.50 4.00 1.50 1.00 1.00 3.50 3.50
-0.00 -0.00 -0.00 -0.00 -0.00 -0.00 -0.00 -0.00 -0.00 -0.00 -0.00 -0.00 -0.00 -0.00 -0.00 -0.00 -0.00 -0.00 -0.00 -0.00 -0.00 -0.00 -0.00 -0.00 -0.00 -0.00 -0.00 -0.00 -0.00 -0.00 -0.00 -0.00 -0.00 -0.00 -0.00 -0.00 -0.00 -0.00 -0.00 -0.00 -0.00 -0.00 -0.00 -0.00 -0.00 -0.00 -0.00 -0.00 -0.00 -0.00 -0.00 -0.00 -0.00 -0.00 -0.00 -0.00 -0.00 -0.00 -0.00 -0.00 -0.00 -0.00 -0.00 -0.00 -0.00 -0.00 -0.00 -0.00 -0.00 -0.00 -0.00 -0.00 -0.00 -0.00 -0.00 -0.00 -0.00 -0.00 -0.00 -0.00 -0.00 1.00 0.25 1.25 0.50 1.50 1.25 0.50 2.25 0.75 0.25 1.50 1.25 1.25 2.00 0.50 2.25 2.00 0.25 2.00 1.75
0.00 0.00 0.00 0.00 0.00 0.00 0.00 0.00 0.00 0.00 0.00 0.00 0.00 0.00 0.00 0.00 0.00 0.00 0.00 0.00 0.00 0.00 0.00 0.00 0.00 0.00 0.00 0.00 0.00 0.00 0.00 0.00 0.00 0.00 0.00 0.00 0.00 0.00 0.00 0.00 0.00 0.00 0.00 0.00 0.00 0.00 0.00 0.00 0.00 0.00 0.00 0.00 0.00 0.00 0.00 0.00 0.00 0.00 0.00 0.00 0.00 0.00 0.00 0.00 0.00 0.00 0.00 0.00 0.00 0.00 0.00 0.00 0.00 0.00 0.00 0.00 0.00 0.00 0.00 0.00 0.00 0.00 1.00 3.00 3.50 1.00 2.50 4.00 3.00 1.50 2.00 0.50 2.00 1.50 2.00 0.50 1.00 1.00 0.50 2.00 3.50
-0.00 -0.00 -0.00 -0.00 -0.00 -0.00 -0.00 -0.00 -0.00 -0.00 -0.00 -0.00 -0.00 -0.00 -0.00 -0.00 -0.00 -0.00 -0.00 -0.00 -0.00 -0.00 -0.00 -0.00 -0.00 -0.00 -0.00 -0.00 -0.00 -0.00 -0.00 -0.00 -0.00 -0.00 -0.00 -0.00 -0.00 -0.00 -0.00 -0.00 -0.00 -0.00 -0.00 -0.00 -0.00 -0.00 -0.00 -0.00 -0.00 -0.00 -0.00 -0.00 -0.00 -0.00 -0.00 -0.00 -0.00 -0.00 -0.00 -0.00 -0.00 -0.00 -0.00 -0.00 -0.00 -0.00 -0.00 -0.00 -0.00 -0.00 -0.00 -0.00 -0.00 -0.00 -0.00 -0.00 -0.00 -0.00 -0.00 -0.00 -0.00 -0.00 -0.00 1.00 0.25 0.50 0.50 2.25 1.25 1.50 2.25 1.25 1.50 1.50 0.50 1.50 0.25 1.00 2.25 1.75 1.25
0.00 0.00 0.00 0.00 0.00 0.00 0.00 0.00 0.00 0.00 0.00 0.00 0.00 0.00 0.00 0.00 0.00 0.00 0.00 0.00 0.00 0.00 0.00 0.00 0.00 0.00 0.00 0.00 0.00 0.00 0.00 0.00 0.00 0.00 0.00 0.00 0.00 0.00 0.00 0.00 0.00 0.00 0.00 0.00 0.00 0.00 0.00 0.00 0.00 0.00 0.00 0.00 0.00 0.00 0.00 0.00 0.00 0.00 0.00 0.00 0.00 0.00 0.00 0.00 0.00 0.00 0.00 0.00 0.00 0.00 0.00 0.00 0.00 0.00 0.00 0.00 0.00 0.00 0.00 0.00 0.00 0.00 0.00 0.00 1.00 1.00 1.25 1.00 0.25 1.25 1.25 0.25 1.00 0.50 1.00 0.50 0.50 1.50 1.50 0.25 1.75
-0.00 -0.00 -0.00 -0.00 -0.00 -0.00 -0.00 -0.00 -0.00 -0.00 -0.00 -0.00 -0.00 -0.00 -0.00 -0.00 -0.00 -0.00 -0.00 -0.00 -0.00 -0.00 -0.00 -0.00 -0.00 -0.00 -0.00 -0.00 -0.00 -0.00 -0.00 -0.00 -0.00 -0.00 -0.00 -0.00 -0.00 -0.00 -0.00 -0.00 -0.00 -0.00 -0.00 -0.00 -0.00 -0.00 -0.00 -0.00 -0.00 -0.00 -0.00 -0.00 -0.00 -0.00 -0.00 -0.00 -0.00 -0.00 -0.00 -0.00 -0.00 -0.00 -0.00 -0.00 -0.00 -0.00 -0.00 -0.00 -0.00 -0.00 -0.00 -0.00 -0.00 -0.00 -0.00 -0.00 -0.00 -0.00 -0.00 -0.00 -0.00 -0.00 -0.00 -0.00 -0.00 1.00 0.80 0.80 0.80 1.20 0.40 0.60 0.40 0.20 1.40 0.60 0.40 0.20 0.80 0.40 1.40
0.00 0.00 0.00 0.00 0.00 0.00 0.00 0.00 0.00 0.00 0.00 0.00 0.00 0.00 0.00 0.00 0.00 0.00 0.00 0.00 0.00 0.00 0.00 0.00 0.00 0.00 0.00 0.00 0.00 0.00 0.00 0.00 0.00 0.00 0.00 0.00 0.00 0.00 0.00 0.00 0.00 0.00 0.00 0.00 0.00 0.00 0.00 0.00 0.00 0.00 0.00 0.00 0.00 0.00 0.00 0.00 0.00 0.00 0.00 0.00 0.00 0.00 0.00 0.00 0.00 0.00 0.00 0.00 0.00 0.00 0.00 0.00 0.00 0.00 0.00 0.00 0.00 0.00 0.00 0.00 0.00 0.00 0.00 0.00 0.00 0.00 1.00 1.29 0.14 1.14 0.29 0.86 1.00 0.29 0.43 0.43 0.14 0.57 0.71 1.14 0.71
-0.00 -0.00 -0.00 -0.00 -0.00 -0.00 -0.00 -0.00 -0.00 -0.00 -0.00 -0.00 -0.00 -0.00 -0.00 -0.00 -0.00 -0.00 -0.00 -0.00 -0.00 -0.00 -0.00 -0.00 -0.00 -0.00 -0.00 -0.00 -0.00 -0.00 -0.00 -0.00 -0.00 -0.00 -0.00 -0.00 -0.00 -0.00 -0.00 -0.00 -0.00 -0.00 -0.00 -0.00 -0.00 -0.00 -0.00 -0.00 -0.00 -0.00 -0.00 -0.00 -0.00 -0.00 -0.00 -0.00 -0.00 -0.00 -0.00 -0.00 -0.00 -0.00 -0.00 -0.00 -0.00 -0.00 -0.00 -0.00 -0.00 -0.00 -0.00 -0.00 -0.00 -0.00 -0.00 -0.00 -0.00 -0.00 -0.00 -0.00 -0.00 -0.00 -0.00 -0.00 -0.00 -0.00 -0.00 1.00 2.33 3.00 1.33 0.33 1.00 2.00 1.33 2.33 1.00 1.00 1.00 2.33 1.67
0.00 0.00 0.00 0.00 0.00 0.00 0.00 0.00 0.00 0.00 0.00 0.00 0.00 0.00 0.00 0.00 0.00 0.00 0.00 0.00 0.00 0.00 0.00 0.00 0.00 0.00 0.00 0.00 0.00 0.00 0.00 0.00 0.00 0.00 0.00 0.00 0.00 0.00 0.00 0.00 0.00 0.00 0.00 0.00 0.00 0.00 0.00 0.00 0.00 0.00 0.00 0.00 0.00 0.00 0.00 0.00 0.00 0.00 0.00 0.00 0.00 0.00 0.00 0.00 0.00 0.00 0.00 0.00 0.00 0.00 0.00 0.00 0.00 0.00 0.00 0.00 0.00 0.00 0.00 0.00 0.00 0.00 0.00 0.00 0.00 0.00 0.00 0.00 1.00 1.00 0.75 0.75 0.88 0.88 0.38 0.50 0.50 0.62 0.50 0.25 0.50
-0.00 -0.00 -0.00 -0.00 -0.00 -0.00 -0.00 -0.00 -0.00 -0.00 -0.00 -0.00 -0.00 -0.00 -0.00 -0.00 -0.00 -0.00 -0.00 -0.00 -0.00 -0.00 -0.00 -0.00 -0.00 -0.00 -0.00 -0.00 -0.00 -0.00 -0.00 -0.00 -0.00 -0.00 -0.00 -0.00 -0.00 -0.00 -0.00 -0.00 -0.00 -0.00 -0.00 -0.00 -0.00 -0.00 -0.00 -0.00 -0.00 -0.00 -0.00 -0.00 -0.00 -0.00 -0.00 -0.00 -0.00 -0.00 -0.00 -0.00 -0.00 -0.00 -0.00 -0.00 -0.00 -0.00 -0.00 -0.00 -0.00 -0.00 -0.00 -0.00 -0.00 -0.00 -0.00 -0.00 -0.00 -0.00 -0.00 -0.00 -0.00 -0.00 -0.00 -0.00 -0.00 -0.00 -0.00 -0.00 -0.00 1.00 0.75 0.50 1.00 0.25 1.25 1.75 1.75 1.75 0.50 1.75 1.50
0.00 0.00 0.00 0.00 0.00 0.00 0.00 0.00 0.00 0.00 0.00 0.00 0.00 0.00 0.00 0.00 0.00 0.00 0.00 0.00 0.00 0.00 0.00 0.00 0.00 0.00 0.00 0.00 0.00 0.00 0.00 0.00 0.00 0.00 0.00 0.00 0.00 0.00 0.00 0.00 0.00 0.00 0.00 0.00 0.00 0.00 0.00 0.00 0.00 0.00 0.00 0.00 0.00 0.00 0.00 0.00 0.00 0.00 0.00 0.00 0.00 0.00 0.00 0.00 0.00 0.00 0.00 0.00 0.00 0.00 0.00 0.00 0.00 0.00 0.00 0.00 0.00 0.00 0.00 0.00 0.00 0.00 0.00 0.00 0.00 0.00 0.00 0.00 0.00 0.00 1.00 0.86 0.86 0.71 0.86 0.43 1.29 0.14 0.57 0.71 0.71
-0.00 -0.00 -0.00 -0.00 -0.00 -0.00 -0.00 -0.00 -0.00 -0.00 -0.00 -0.00 -0.00 -0.00 -0.00 -0.00 -0.00 -0.00 -0.00 -0.00 -0.00 -0.00 -0.00 -0.00 -0.00 -0.00 -0.00 -0.00 -0.00 -0.00 -0.00 -0.00 -0.00 -0.00 -0.00 -0.00 -0.00 -0.00 -0.00 -0.00 -0.00 -0.00 -0.00 -0.00 -0.00 -0.00 -0.00 -0.00 -0.00 -0.00 -0.00 -0.00 -0.00 -0.00 -0.00 -0.00 -0.00 -0.00 -0.00 -0.00 -0.00 -0.00 -0.00 -0.00 -0.00 -0.00 -0.00 -0.00 -0.00 -0.00 -0.00 -0.00 -0.00 -0.00 -0.00 -0.00 -0.00 -0.00 -0.00 -0.00 -0.00 -0.00 -0.00 -0.00 -0.00 -0.00 -0.00 -0.00 -0.00 -0.00 -0.00 1.00 2.67 0.33 0.67 3.00 1.00 2.67 1.67 3.00 0.67
0.00 0.00 0.00 0.00 0.00 0.00 0.00 0.00 0.00 0.00 0.00 0.00 0.00 0.00 0.00 0.00 0.00 0.00 0.00 0.00 0.00 0.00 0.00 0.00 0.00 0.00 0.00 0.00 0.00 0.00 0.00 0.00 0.00 0.00 0.00 0.00 0.00 0.00 0.00 0.00 0.00 0.00 0.00 0.00 0.00 0.00 0.00 0.00 0.00 0.00 0.00 0.00 0.00 0.00 0.00 0.00 0.00 0.00 0.00 0.00 0.00 0.00 0.00 0.00 0.00 0.00 0.00 0.00 0.00 0.00 0.00 0.00 0.00 0.00 0.00 0.00 0.00 0.00 0.00 0.00 0.00 0.00 0.00 0.00 0.00 0.00 0.00 0.00 0.00 0.00 0.00 0.00 1.00 8.00 1.00 9.00 8.00 2.00 9.00 1.00 4.00
-0.00 -0.00 -0.00 -0.00 -0.00 -0.00 -0.00 -0.00 -0.00 -0.00 -0.00 -0.00 -0.00 -0.00 -0.00 -0.00 -0.00 -0.00 -0.00 -0.00 -0.00 -0.00 -0.00 -0.00 -0.00 -0.00 -0.00 -0.00 -0.00 -0.00 -0.00 -0.00 -0.00 -0.00 -0.00 -0.00 -0.00 -0.00 -0.00 -0.00 -0.00 -0.00 -0.00 -0.00 -0.00 -0.00 -0.00 -0.00 -0.00 -0.00 -0.00 -0.00 -0.00 -0.00 -0.00 -0.00 -0.00 -0.00 -0.00 -0.00 -0.00 -0.00 -0.00 -0.00 -0.00 -0.00 -0.00 -0.00 -0.00 -0.00 -0.00 -0.00 -0.00 -0.00 -0.00 -0.00 -0.00 -0.00 -0.00 -0.00 -0.00 -0.00 -0.00 -0.00 -0.00 -0.00 -0.00 -0.00 -0.00 -0.00 -0.00 -0.00 -0.00 1.00 4.50 3.00 4.00 1.50 2.50 2.00 4.00
0.00 0.00 0.00 0.00 0.00 0.00 0.00 0.00 0.00 0.00 0.00 0.00 0.00 0.00 0.00 0.00 0.00 0.00 0.00 0.00 0.00 0.00 0.00 0.00 0.00 0.00 0.00 0.00 0.00 0.00 0.00 0.00 0.00 0.00 0.00 0.00 0.00 0.00 0.00 0.00 0.00 0.00 0.00 0.00 0.00 0.00 0.00 0.00 0.00 0.00 0.00 0.00 0.00 0.00 0.00 0.00 0.00 0.00 0.00 0.00 0.00 0.00 0.00 0.00 0.00 0.00 0.00 0.00 0.00 0.00 0.00 0.00 0.00 0.00 0.00 0.00 0.00 0.00 0.00 0.00 0.00 0.00 0.00 0.00 0.00 0.00 0.00 0.00 0.00 0.00 0.00 0.00 0.00 0.00 1.00 0.50 1.50 1.33 0.17 0.83 1.17
-0.00 -0.00 -0.00 -0.00 -0.00 -0.00 -0.00 -0.00 -0.00 -0.00 -0.00 -0.00 -0.00 -0.00 -0.00 -0.00 -0.00 -0.00 -0.00 -0.00 -0.00 -0.00 -0.00 -0.00 -0.00 -0.00 -0.00 -0.00 -0.00 -0.00 -0.00 -0.00 -0.00 -0.00 -0.00 -0.00 -0.00 -0.00 -0.00 -0.00 -0.00 -0.00 -0.00 -0.00 -0.00 -0.00 -0.00 -0.00 -0.00 -0.00 -0.00 -0.00 -0.00 -0.00 -0.00 -0.00 -0.00 -0.00 -0.00 -0.00 -0.00 -0.00 -0.00 -0.00 -0.00 -0.00 -0.00 -0.00 -0.00 -0.00 -0.00 -0.00 -0.00 -0.00 -0.00 -0.00 -0.00 -0.00 -0.00 -0.00 -0.00 -0.00 -0.00 -0.00 -0.00 -0.00 -0.00 -0.00 -0.00 -0.00 -0.00 -0.00 -0.00 -0.00 -0.00 1.00 0.50 0.17 0.83 1.33 0.50
0.00 0.00 0.00 0.00 0.00 0.00 0.00 0.00 0.00 0.00 0.00 0.00 0.00 0.00 0.00 0.00 0.00 0.00 0.00 0.00 0.00 0.00 0.00 0.00 0.00 0.00 0.00 0.00 0.00 0.00 0.00 0.00 0.00 0.00 0.00 0.00 0.00 0.00 0.00 0.00 0.00 0.00 0.00 0.00 0.00 0.00 0.00 0.00 0.00 0.00 0.00 0.00 0.00 0.00 0.00 0.00 0.00 0.00 0.00 0.00 0.00 0.00 0.00 0.00 0.00 0.00 0.00 0.00 0.00 0.00 0.00 0.00 0.00 0.00 0.00 0.00 0.00 0.00 0.00 0.00 0.00 0.00 0.00 0.00 0.00 0.00 0.00 0.00 0.00 0.00 0.00 0.00 0.00 0.00 0.00 0.00 1.00 1.33 0.50 1.17 0.67
-0.00 -0.00 -0.00 -0.00 -0.00 -0.00 -0.00 -0.00 -0.00 -0.00 -0.00 -0.00 -0.00 -0.00 -0.00 -0.00 -0.00 -0.00 -0.00 -0.00 -0.00 -0.00 -0.00 -0.00 -0.00 -0.00 -0.00 -0.00 -0.00 -0.00 -0.00 -0.00 -0.00 -0.00 -0.00 -0.00 -0.00 -0.00 -0.00 -0.00 -0.00 -0.00 -0.00 -0.00 -0.00 -0.00 -0.00 -0.00 -0.00 -0.00 -0.00 -0.00 -0.00 -0.00 -0.00 -0.00 -0.00 -0.00 -0.00 -0.00 -0.00 -0.00 -0.00 -0.00 -0.00 -0.00 -0.00 -0.00 -0.00 -0.00 -0.00 -0.00 -0.00 -0.00 -0.00 -0.00 -0.00 -0.00 -0.00 -0.00 -0.00 -0.00 -0.00 -0.00 -0.00 -0.00 -0.00 -0.00 -0.00 -0.00 -0.00 -0.00 -0.00 -0.00 -0.00 -0.00 -0.00 1.00 0.14 1.00 1.00
0.00 0.00 0.00 0.00 0.00 0.00 0.00 0.00 0.00 0.00 0.00 0.00 0.00 0.00 0.00 0.00 0.00 0.00 0.00 0.00 0.00 0.00 0.00 0.00 0.00 0.00 0.00 0.00 0.00 0.00 0.00 0.00 0.00 0.00 0.00 0.00 0.00 0.00 0.00 0.00 0.00 0.00 0.00 0.00 0.00 0.00 0.00 0.00 0.00 0.00 0.00 0.00 0.00 0.00 0.00 0.00 0.00 0.00 0.00 0.00 0.00 0.00 0.00 0.00 0.00 0.00 0.00 0.00 0.00 0.00 0.00 0.00 0.00 0.00 0.00 0.00 0.00 0.00 0.00 0.00 0.00 0.00 0.00 0.00 0.00 0.00 0.00 0.00 0.00 0.00 0.00 0.00 0.00 0.00 0.00 0.00 0.00 0.00 1.00 2.67 2.67
-0.00 -0.00 -0.00 -0.00 -0.00 -0.00 -0.00 -0.00 -0.00 -0.00 -0.00 -0.00 -0.00 -0.00 -0.00 -0.00 -0.00 -0.00 -0.00 -0.00 -0.00 -0.00 -0.00 -0.00 -0.00 -0.00 -0.00 -0.00 -0.00 -0.00 -0.00 -0.00 -0.00 -0.00 -0.00 -0.00 -0.00 -0.00 -0.00 -0.00 -0.00 -0.00 -0.00 -0.00 -0.00 -0.00 -0.00 -0.00 -0.00 -0.00 -0.00 -0.00 -0.00 -0.00 -0.00 -0.00 -0.00 -0.00 -0.00 -0.00 -0.00 -0.00 -0.00 -0.00 -0.00 -0.00 -0.00 -0.00 -0.00 -0.00 -0.00 -0.00 -0.00 -0.00 -0.00 -0.00 -0.00 -0.00 -0.00 -0.00 -0.00 -0.00 -0.00 -0.00 -0.00 -0.00 -0.00 -0.00 -0.00 -0.00 -0.00 -0.00 -0.00 -0.00 -0.00 -0.00 -0.00 -0.00 -0.00 1.00 2.50
0.00 0.00 0.00 0.00 0.00 0.00 0.00 0.00 0.00 0.00 0.00 0.00 0.00 0.00 0.00 0.00 0.00 0.00 0.00 0.00 0.00 0.00 0.00 0.00 0.00 0.00 0.00 0.00 0.00 0.00 0.00 0.00 0.00 0.00 0.00 0.00 0.00 0.00 0.00 0.00 0.00 0.00 0.00 0.00 0.00 0.00 0.00 0.00 0.00 0.00 0.00 0.00 0.00 0.00 0.00 0.00 0.00 0.00 0.00 0.00 0.00 0.00 0.00 0.00 0.00 0.00 0.00 0.00 0.00 0.00 0.00 0.00 0.00 0.00 0.00 0.00 0.00 0.00 0.00 0.00 0.00 0.00 0.00 0.00 0.00 0.00 0.00 0.00 0.00 0.00 0.00 0.00 0.00 0.00 0.00 0.00 0.00 0.00 0.00 0.00 1.00
